1 1
2 2
3 3
4 4
5 3
6 4
7 3
8 4
9 3
10 4
11 3
12 2
13 3
14 4
15 3
16 4
17 5
18 4
19 5
20 4
21 5
22 4
23 3
24 4
25 5
26 4
27 5
28 6
29 5
30 4
31 5
32 4
33 5
34 4
35 3
36 2
37 3
38 4
39 5
40 6
41 7
42 6
43 5
44 6
45 5
46 6
47 5
48 6
49 7
50 6
51 7
52 8
53 9
54 10
55 9
56 10
57 11
58 10
59 11
60 12
61 13
62 14
63 15
64 16
65 15
66 14
67 13
68 12
69 11
70 12
71 11
72 10
73 9
74 8
75 7
76 6
77 7
78 6
79 5
80 4
81 5
82 6
83 5
84 4
85 5
86 6
87 5
88 6
89 7
90 6
91 7
92 6
93 5
94 4
95 5
96 6
97 7
98 6
99 5
100 4
101 5
102 6
103 7
104 8
105 9
106 10
107 9
108 8
109 7
110 8
111 9
112 10
113 9
114 10
115 9
116 8
117 9
118 8
119 7
120 8
121 7
122 8
123 9
124 8
125 9
126 10
127 11
128 12
129 11
130 10
131 11
132 12
133 13
134 14
135 13
136 12
137 13
138 12
139 13
140 12
141 13
142 12
143 13
144 12
145 13
146 14
147 13
148 14
149 15
150 16
151 15
152 14
153 13
154 14
155 13
156 12
157 11
158 12
159 13
160 14
161 15
162 16
163 17
164 16
165 17
166 18
167 19
168 18
169 19
170 18
171 17
172 16
173 17
174 16
175 17
176 18
177 17
178 18
179 17
180 18
181 17
182 16
183 17
184 18
185 17
186 16
187 17
188 16
189 17
190 18
191 17
192 18
193 17
194 16
195 17
196 18
197 19
198 20
199 21
200 22
201 21
202 22
203 21
204 22
205 23
206 24
207 23
208 22
209 21
210 22
211 23
212 24
213 23
214 22
215 21
216 20
217 21
218 22
219 23
220 24
221 23
222 22
223 23
224 22
225 21
226 22
227 21
228 22
229 23
230 22
231 23
232 24
233 23
234 24
235 25
236 24
237 25
238 24
239 23
240 22
241 21
242 20
243 21
244 20
245 21
246 22
247 23
248 22
249 21
250 22
251 21
252 22
253 23
254 22
255 21
256 22
257 23
258 24
259 23
260 22
261 23
262 24
263 23
264 24
265 25
266 26
267 25
268 24
269 23
270 22
271 21
272 22
273 21
274 20
275 19
276 18
277 17
278 18
279 19
280 20
281 19
282 18
283 17
284 16
285 15
286 16
287 17
288 18
289 17
290 16
291 15
292 16
293 15
294 14
295 13
296 14
297 13
298 14
299 15
300 16
301 15
302 16
303 15
304 16
305 15
306 14
307 13
308 14
309 15
310 14
311 13
312 14
313 13
314 12
315 11
316 10
317 9
318 8
319 7
320 6
321 7
322 6
323 5
324 4
325 3
326 4
327 3
328 2
329 1
330 0
331 -1
332 0
333 1
334 0
335 1
336 2
337 3
338 2
339 1
340 2
341 1
342 2
343 1
344 2
345 1
346 2
347 3
348 4
349 5
350 6
351 5
352 6
353 7
354 6
355 5
356 4
357 5
358 6
359 5
360 6
361 7
362 6
363 5
364 4
365 3
366 2
367 3
368 2
369 3
370 4
371 3
372 2
373 3
374 4
375 5
376 4
377 3
378 4
379 3
380 4
381 3
382 2
383 3
384 2
385 1
386 0
387 -1
388 -2
389 -3
390 -2
391 -1
392 0
393 1
394 0
395 1
396 0
397 -1
398 -2
399 -1
400 -2
401 -3
402 -4
403 -3
404 -2
405 -3
406 -4
407 -3
408 -2
409 -1
410 -2
411 -3
412 -4
413 -3
414 -2
415 -3
416 -2
417 -3
418 -4
419 -3
420 -2
421 -3
422 -4
423 -5
424 -6
425 -5
426 -6
427 -5
428 -6
429 -7
430 -6
431 -5
432 -6
433 -7
434 -6
435 -5
436 -6
437 -5
438 -4
439 -3
440 -4
441 -3
442 -4
443 -3
444 -4
445 -5
446 -6
447 -5
448 -6
449 -7
450 -8
451 -7
452 -6
453 -5
454 -6
455 -7
456 -6
457 -7
458 -6
459 -7
460 -8
461 -9
462 -10
463 -9
464 -8
465 -9
466 -8
467 -7
468 -6
469 -5
470 -4
471 -5
472 -4
473 -5
474 -4
475 -5
476 -6
477 -7
478 -8
479 -9
480 -10
481 -9
482 -10
483 -9
484 -10
485 -9
486 -8
487 -9
488 -10
489 -9
490 -8
491 -7
492 -6
493 -5
494 -6
495 -7
496 -8
497 -9
498 -8
499 -9
500 -8
501 -7
502 -6
503 -5
504 -6
505 -7
506 -8
507 -9
508 -8
509 -9
510 -8
511 -7
512 -6
513 -7
514 -8
515 -9
516 -10
517 -11
518 -10
519 -11
520 -10
521 -11
522 -10
523 -9
524 -10
525 -11
526 -12
527 -11
528 -10
529 -11
530 -12
531 -13
532 -12
533 -13
534 -14
535 -15
536 -14
537 -13
538 -12
539 -11
540 -12
541 -13
542 -14
543 -13
544 -14
545 -15
546 -16
547 -17
548 -16
549 -15
550 -16
551 -15
552 -14
553 -15
554 -16
555 -17
556 -16
557 -15
558 -14
559 -13
560 -12
561 -13
562 -12
563 -11
564 -12
565 -11
566 -12
567 -11
568 -10
569 -11
570 -12
571 -13
572 -14
573 -13
574 -12
575 -11
576 -10
577 -9
578 -8
579 -7
580 -6
581 -7
582 -8
583 -7
584 -8
585 -7
586 -8
587 -7
588 -8
589 -7
590 -8
591 -9
592 -10
593 -11
594 -12
595 -11
596 -12
597 -13
598 -12
599 -13
600 -14
601 -15
602 -16
603 -17
604 -16
605 -17
606 -18
607 -17
608 -18
609 -17
610 -16
611 -17
612 -16
613 -17
614 -18
615 -19
616 -20
617 -19
618 -18
619 -19
620 -20
621 -21
622 -20
623 -21
624 -20
625 -19
626 -18
627 -19
628 -20
629 -21
630 -22
631 -23
632 -24
633 -23
634 -22
635 -23
636 -22
637 -23
638 -22
639 -23
640 -24
641 -23
642 -24
643 -23
644 -24
645 -25
646 -26
647 -27
648 -28
649 -29
650 -30
651 -29
652 -30
653 -29
654 -28
655 -29
656 -30
657 -29
658 -28
659 -29
660 -28
661 -27
662 -26
663 -25
664 -24
665 -25
666 -26
667 -25
668 -26
669 -25
670 -24
671 -25
672 -24
673 -25
674 -26
675 -27
676 -26
677 -27
678 -28
679 -27
680 -28
681 -29
682 -30
683 -31
684 -32
685 -31
686 -32
687 -31
688 -32
689 -31
690 -32
691 -33
692 -32
693 -31
694 -30
695 -31
696 -30
697 -29
698 -30
699 -31
700 -30
701 -29
702 -28
703 -27
704 -28
705 -29
706 -30
707 -29
708 -30
709 -29
710 -30
711 -29
712 -28
713 -27
714 -26
715 -25
716 -26
717 -27
718 -26
719 -27
720 -28
721 -29
722 -28
723 -27
724 -26
725 -27
726 -26
727 -27
728 -28
729 -29
730 -30
731 -29
732 -30
733 -31
734 -30
735 -31
736 -30
737 -31
738 -30
739 -31
740 -30
741 -29
742 -30
743 -31
744 -32
745 -33
746 -34
747 -35
748 -36
749 -35
750 -34
751 -35
752 -34
753 -33
754 -32
755 -33
756 -34
757 -35
758 -36
759 -37
760 -38
761 -37
762 -38
763 -37
764 -38
765 -39
766 -38
767 -39
768 -40
769 -39
770 -40
771 -41
772 -42
773 -43
774 -44
775 -43
776 -44
777 -43
778 -42
779 -41
780 -40
781 -41
782 -40
783 -39
784 -40
785 -39
786 -38
787 -37
788 -38
789 -39
790 -38
791 -37
792 -38
793 -39
794 -38
795 -37
796 -36
797 -35
798 -34
799 -33
800 -34
801 -35
802 -34
803 -35
804 -34
805 -33
806 -32
807 -31
808 -30
809 -29
810 -30
811 -31
812 -30
813 -29
814 -28
815 -27
816 -28
817 -29
818 -28
819 -29
820 -30
821 -29
822 -28
823 -29
824 -28
825 -29
826 -28
827 -29
828 -30
829 -31
830 -32
831 -33
832 -32
833 -33
834 -34
835 -33
836 -34
837 -33
838 -34
839 -33
840 -34
841 -33
842 -32
843 -33
844 -32
845 -33
846 -34
847 -35
848 -36
849 -37
850 -38
851 -37
852 -38
853 -37
854 -38
855 -37
856 -36
857 -37
858 -36
859 -35
860 -36
861 -35
862 -36
863 -35
864 -34
865 -35
866 -34
867 -35
868 -34
869 -33
870 -34
871 -35
872 -34
873 -33
874 -34
875 -33
876 -34
877 -35
878 -34
879 -35
880 -36
881 -37
882 -38
883 -37
884 -38
885 -37
886 -38
887 -37
888 -38
889 -39
890 -38
891 -39
892 -40
893 -39
894 -40
895 -41
896 -42
897 -41
898 -40
899 -41
900 -40
901 -41
902 -40
903 -39
904 -38
905 -37
906 -38
907 -37
908 -36
909 -37
910 -38
911 -37
912 -38
913 -39
914 -40
915 -41
916 -40
917 -41
918 -40
919 -39
920 -40
921 -41
922 -40
923 -39
924 -40
925 -39
926 -40
927 -41
928 -40
929 -41
930 -42
931 -43
932 -44
933 -43
934 -42
935 -41
936 -40
937 -39
938 -40
939 -41
940 -40
941 -39
942 -38
943 -39
944 -38
945 -37
946 -36
947 -37
948 -36
949 -35
950 -36
951 -35
952 -34
953 -35
954 -34
955 -33
956 -34
957 -33
958 -34
959 -35
960 -34
961 -33
962 -34
963 -35
964 -36
965 -35
966 -34
967 -35
968 -36
969 -35
970 -34
971 -33
972 -34
973 -33
974 -34
975 -35
976 -36
977 -35
978 -36
979 -37
980 -38
981 -37
982 -38
983 -37
984 -36
985 -37
986 -38
987 -39
988 -40
989 -39
990 -38
991 -39
992 -38
993 -39
994 -40
995 -39
996 -38
997 -37
998 -36
999 -35
1000 -34
1001 -35
1002 -36
1003 -35
1004 -34
1005 -33
1006 -34
1007 -33
1008 -32
1009 -31
1010 -30
1011 -31
1012 -32
1013 -33
1014 -34
1015 -35
1016 -36
1017 -35
1018 -34
1019 -35
1020 -36
1021 -37
1022 -36
1023 -37
1024 -38
1025 -37
1026 -38
1027 -37
1028 -38
1029 -37
1030 -36
1031 -35
1032 -34
1033 -33
1034 -34
1035 -35
1036 -36
1037 -35
1038 -34
1039 -33
1040 -34
1041 -35
1042 -36
1043 -37
1044 -36
1045 -35
1046 -34
1047 -33
1048 -32
1049 -33
1050 -32
1051 -33
1052 -34
1053 -33
1054 -32
1055 -33
1056 -34
1057 -35
1058 -34
1059 -33
1060 -32
1061 -33
1062 -34
1063 -33
1064 -34
1065 -33
1066 -32
1067 -31
1068 -30
1069 -31
1070 -30
1071 -31
1072 -30
1073 -29
1074 -28
1075 -27
1076 -28
1077 -27
1078 -28
1079 -27
1080 -28
1081 -27
1082 -26
1083 -25
1084 -24
1085 -23
1086 -24
1087 -25
1088 -26
1089 -25
1090 -26
1091 -25
1092 -24
1093 -25
1094 -24
1095 -25
1096 -24
1097 -25
1098 -24
1099 -23
1100 -22
1101 -23
1102 -22
1103 -23
1104 -22
1105 -21
1106 -22
1107 -21
1108 -22
1109 -21
1110 -20
1111 -19
1112 -18
1113 -19
1114 -20
1115 -19
1116 -20
1117 -19
1118 -18
1119 -17
1120 -16
1121 -17
1122 -16
1123 -17
1124 -16
1125 -15
1126 -16
1127 -17
1128 -16
1129 -15
1130 -14
1131 -13
1132 -14
1133 -13
1134 -12
1135 -13
1136 -14
1137 -13
1138 -12
1139 -13
1140 -14
1141 -13
1142 -12
1143 -13
1144 -12
1145 -13
1146 -12
1147 -11
1148 -10
1149 -11
1150 -12
1151 -11
1152 -12
1153 -13
1154 -14
1155 -15
1156 -14
1157 -13
1158 -12
1159 -13
1160 -12
1161 -11
1162 -10
1163 -11
1164 -12
1165 -11
1166 -10
1167 -9
1168 -8
1169 -9
1170 -8
1171 -7
1172 -6
1173 -7
1174 -6
1175 -7
1176 -6
1177 -5
1178 -6
1179 -5
1180 -6
1181 -5
1182 -6
1183 -7
1184 -8
1185 -7
1186 -8
1187 -9
1188 -10
1189 -9
1190 -8
1191 -9
1192 -8
1193 -7
1194 -8
1195 -7
1196 -6
1197 -5
1198 -6
1199 -7
1200 -8
1201 -7
1202 -8
1203 -9
1204 -10
1205 -9
1206 -8
1207 -7
1208 -8
1209 -9
1210 -8
1211 -7
1212 -8
1213 -7
1214 -6
1215 -7
1216 -6
1217 -5
1218 -6
1219 -5
1220 -4
1221 -3
1222 -4
1223 -3
1224 -2
1225 -1
1226 0
1227 1
1228 2
1229 1
1230 0
1231 1
1232 2
1233 3
1234 4
1235 5
1236 6
1237 7
1238 6
1239 7
1240 6
1241 5
1242 6
1243 5
1244 6
1245 7
1246 6
1247 7
1248 6
1249 7
1250 8
1251 7
1252 6
1253 7
1254 6
1255 7
1256 8
1257 9
1258 8
1259 9
1260 8
1261 9
1262 8
1263 9
1264 8
1265 9
1266 10
1267 9
1268 8
1269 7
1270 6
1271 7
1272 6
1273 5
1274 6
1275 5
1276 6
1277 7
1278 6
1279 5
1280 4
1281 3
1282 4
1283 5
1284 4
1285 3
1286 2
1287 1
1288 2
1289 3
1290 2
1291 3
1292 4
1293 3
1294 2
1295 3
1296 2
1297 1
1298 0
1299 1
1300 2
1301 3
1302 4
1303 5
1304 6
1305 7
1306 6
1307 5
1308 6
1309 7
1310 6
1311 7
1312 8
1313 9
1314 10
1315 9
1316 10
1317 9
1318 10
1319 9
1320 10
1321 11
1322 10
1323 11
1324 10
1325 11
1326 10
1327 11
1328 10
1329 9
1330 10
1331 11
1332 10
1333 11
1334 12
1335 11
1336 10
1337 9
1338 10
1339 9
1340 10
1341 9
1342 8
1343 9
1344 8
1345 7
1346 6
1347 7
1348 6
1349 7
1350 8
1351 9
1352 8
1353 7
1354 6
1355 5
1356 6
1357 7
1358 8
1359 9
1360 8
1361 9
1362 10
1363 9
1364 10
1365 11
1366 12
1367 13
1368 14
1369 13
1370 14
1371 15
1372 16
1373 15
1374 14
1375 13
1376 14
1377 15
1378 14
1379 15
1380 14
1381 15
1382 16
1383 17
1384 16
1385 17
1386 16
1387 15
1388 14
1389 13
1390 12
1391 13
1392 14
1393 15
1394 14
1395 13
1396 14
1397 15
1398 16
1399 15
1400 16
1401 15
1402 16
1403 17
1404 18
1405 19
1406 20
1407 19
1408 18
1409 19
1410 18
1411 17
1412 18
1413 17
1414 16
1415 15
1416 14
1417 15
1418 14
1419 15
1420 14
1421 15
1422 14
1423 13
1424 12
1425 11
1426 12
1427 11
1428 12
1429 11
1430 12
1431 11
1432 12
1433 11
1434 10
1435 9
1436 8
1437 9
1438 8
1439 9
1440 10
1441 11
1442 10
1443 11
1444 10
1445 9
1446 8
1447 7
1448 8
1449 9
1450 8
1451 9
1452 10
1453 11
1454 10
1455 11
1456 10
1457 9
1458 8
1459 9
1460 8
1461 7
1462 6
1463 7
1464 8
1465 7
1466 6
1467 5
1468 6
1469 5
1470 6
1471 7
1472 6
1473 5
1474 6
1475 7
1476 8
1477 7
1478 6
1479 5
1480 6
1481 5
1482 6
1483 7
1484 6
1485 7
1486 8
1487 9
1488 8
1489 9
1490 8
1491 7
1492 6
1493 7
1494 8
1495 7
1496 8
1497 7
1498 6
1499 7
1500 6
1501 7
1502 6
1503 5
1504 4
1505 5
1506 6
1507 7
1508 6
1509 5
1510 4
1511 3
1512 4
1513 3
1514 4
1515 5
1516 4
1517 3
1518 2
1519 3
1520 4
1521 5
1522 4
1523 5
1524 4
1525 5
1526 6
1527 7
1528 6
1529 7
1530 8
1531 9
1532 8
1533 7
1534 8
1535 7
1536 6
1537 7
1538 8
1539 7
1540 8
1541 7
1542 6
1543 5
1544 6
1545 5
1546 6
1547 7
1548 6
1549 7
1550 6
1551 5
1552 4
1553 3
1554 2
1555 1
1556 0
1557 -1
1558 0
1559 1
1560 0
1561 -1
1562 0
1563 1
1564 0
1565 -1
1566 0
1567 -1
1568 0
1569 1
1570 2
1571 1
1572 0
1573 -1
1574 0
1575 1
1576 2
1577 3
1578 4
1579 5
1580 4
1581 5
1582 6
1583 7
1584 8
1585 7
1586 6
1587 5
1588 6
1589 7
1590 6
1591 7
1592 6
1593 5
1594 6
1595 5
1596 6
1597 5
1598 6
1599 5
1600 4
1601 5
1602 4
1603 3
1604 4
1605 3
1606 2
1607 3
1608 2
1609 3
1610 4
1611 3
1612 4
1613 3
1614 4
1615 5
1616 6
1617 5
1618 6
1619 5
1620 4
1621 5
1622 4
1623 3
1624 4
1625 5
1626 4
1627 5
1628 4
1629 3
1630 2
1631 3
1632 4
1633 3
1634 4
1635 5
1636 4
1637 3
1638 2
1639 3
1640 2
1641 1
1642 0
1643 1
1644 2
1645 3
1646 4
1647 5
1648 4
1649 5
1650 4
1651 3
1652 4
1653 5
1654 4
1655 3
1656 2
1657 1
1658 2
1659 3
1660 4
1661 3
1662 2
1663 3
1664 4
1665 5
1666 4
1667 3
1668 4
1669 5
1670 4
1671 3
1672 4
1673 5
1674 6
1675 7
1676 6
1677 7
1678 8
1679 7
1680 8
1681 9
1682 10
1683 11
1684 12
1685 11
1686 12
1687 11
1688 10
1689 11
1690 12
1691 13
1692 14
1693 15
1694 16
1695 15
1696 16
1697 15
1698 14
1699 15
1700 14
1701 13
1702 12
1703 13
1704 12
1705 13
1706 14
1707 13
1708 12
1709 13
1710 12
1711 13
1712 12
1713 13
1714 14
1715 15
1716 14
1717 13
1718 12
1719 11
1720 12
1721 11
1722 12
1723 13
1724 12
1725 11
1726 12
1727 11
1728 12
1729 13
1730 12
1731 11
1732 10
1733 11
1734 10
1735 9
1736 10
1737 9
1738 8
1739 7
1740 6
1741 5
1742 4
1743 5
1744 6
1745 5
1746 4
1747 5
1748 4
1749 3
1750 2
1751 3
1752 2
1753 3
1754 4
1755 3
1756 4
1757 5
1758 4
1759 3
1760 2
1761 1
1762 0
1763 -1
1764 0
1765 1
1766 2
1767 3
1768 4
1769 3
1770 4
1771 3
1772 4
1773 3
1774 2
1775 1
1776 0
1777 -1
1778 -2
1779 -1
1780 -2
1781 -3
1782 -2
1783 -3
1784 -2
1785 -3
1786 -4
1787 -3
1788 -2
1789 -3
1790 -4
1791 -3
1792 -2
1793 -3
1794 -4
1795 -5
1796 -4
1797 -5
1798 -6
1799 -7
1800 -8
1801 -9
1802 -10
1803 -11
1804 -10
1805 -9
1806 -8
1807 -7
1808 -8
1809 -9
1810 -10
1811 -9
1812 -8
1813 -7
1814 -6
1815 -5
1816 -4
1817 -5
1818 -6
1819 -5
1820 -6
1821 -7
1822 -6
1823 -7
1824 -6
1825 -5
1826 -4
1827 -5
1828 -6
1829 -5
1830 -6
1831 -7
1832 -8
1833 -9
1834 -8
1835 -7
1836 -8
1837 -7
1838 -8
1839 -7
1840 -6
1841 -7
1842 -6
1843 -5
1844 -4
1845 -5
1846 -6
1847 -7
1848 -6
1849 -5
1850 -4
1851 -5
1852 -6
1853 -7
1854 -8
1855 -9
1856 -8
1857 -9
1858 -10
1859 -9
1860 -8
1861 -7
1862 -6
1863 -5
1864 -4
1865 -5
1866 -6
1867 -5
1868 -6
1869 -5
1870 -6
1871 -5
1872 -6
1873 -7
1874 -6
1875 -5
1876 -4
1877 -3
1878 -2
1879 -1
1880 -2
1881 -3
1882 -4
1883 -5
1884 -4
1885 -5
1886 -6
1887 -7
1888 -6
1889 -5
1890 -4
1891 -3
1892 -4
1893 -5
1894 -4
1895 -5
1896 -4
1897 -3
1898 -2
1899 -3
1900 -2
1901 -3
1902 -2
1903 -3
1904 -2
1905 -1
1906 -2
1907 -1
1908 -2
1909 -1
1910 0
1911 -1
1912 0
1913 -1
1914 0
1915 -1
1916 0
1917 1
1918 0
1919 -1
1920 0
1921 -1
1922 0
1923 1
1924 0
1925 1
1926 2
1927 3
1928 2
1929 1
1930 2
1931 3
1932 2
1933 3
1934 2
1935 3
1936 2
1937 3
1938 2
1939 1
1940 2
1941 3
1942 4
1943 3
1944 2
1945 3
1946 2
1947 1
1948 0
1949 1
1950 0
1951 -1
1952 0
1953 1
1954 2
1955 3
1956 4
1957 5
1958 4
1959 3
1960 2
1961 3
1962 2
1963 3
1964 4
1965 3
1966 2
1967 1
1968 0
1969 1
1970 0
1971 1
1972 0
1973 1
1974 2
1975 3
1976 2
1977 3
1978 2
1979 3
1980 4
1981 5
1982 6
1983 5
1984 4
1985 3
1986 4
1987 3
1988 2
1989 3
1990 2
1991 1
1992 0
1993 1
1994 0
1995 -1
1996 0
1997 -1
1998 0
1999 -1
2000 -2
2001 -1
2002 -2
2003 -1
2004 0
2005 1
2006 0
2007 -1
2008 -2
2009 -1
2010 0
2011 1
2012 2
2013 1
2014 2
2015 3
2016 2
2017 1
2018 0
2019 -1
2020 -2
2021 -1
2022 0
2023 1
2024 0
2025 -1
2026 -2
2027 -3
2028 -4
2029 -3
2030 -2
2031 -1
2032 0
2033 -1
2034 -2
2035 -3
2036 -2
2037 -3
2038 -2
2039 -1
2040 -2
2041 -1
2042 -2
2043 -3
2044 -2
2045 -1
2046 -2
2047 -3
2048 -2
2049 -3
2050 -2
2051 -1
2052 0
2053 -1
2054 -2
2055 -3
2056 -2
2057 -1
2058 -2
2059 -3
2060 -2
2061 -3
2062 -2
2063 -3
2064 -2
2065 -3
2066 -4
2067 -3
2068 -2
2069 -3
2070 -4
2071 -5
2072 -6
2073 -7
2074 -8
2075 -7
2076 -8
2077 -7
2078 -6
2079 -5
2080 -6
2081 -5
2082 -4
2083 -3
2084 -2
2085 -1
2086 -2
2087 -3
2088 -4
2089 -3
2090 -4
2091 -5
2092 -6
2093 -7
2094 -8
2095 -9
2096 -10
2097 -11
2098 -10
2099 -11
2100 -10
2101 -9
2102 -10
2103 -11
2104 -10
2105 -11
2106 -10
2107 -11
2108 -10
2109 -9
2110 -8
2111 -7
2112 -6
2113 -5
2114 -6
2115 -5
2116 -4
2117 -5
2118 -4
2119 -5
2120 -6
2121 -5
2122 -4
2123 -5
2124 -4
2125 -3
2126 -2
2127 -3
2128 -2
2129 -1
2130 0
2131 -1
2132 0
2133 -1
2134 -2
2135 -1
2136 0
2137 -1
2138 0
2139 -1
2140 -2
2141 -1
2142 0
2143 1
2144 0
2145 -1
2146 -2
2147 -3
2148 -2
2149 -3
2150 -4
2151 -5
2152 -6
2153 -7
2154 -6
2155 -7
2156 -8
2157 -7
2158 -6
2159 -7
2160 -6
2161 -5
2162 -6
2163 -7
2164 -6
2165 -5
2166 -6
2167 -7
2168 -6
2169 -7
2170 -6
2171 -7
2172 -8
2173 -7
2174 -6
2175 -5
2176 -4
2177 -5
2178 -6
2179 -5
2180 -6
2181 -7
2182 -8
2183 -9
2184 -8
2185 -9
2186 -8
2187 -7
2188 -6
2189 -7
2190 -6
2191 -7
2192 -6
2193 -7
2194 -6
2195 -7
2196 -8
2197 -7
2198 -8
2199 -9
2200 -10
2201 -9
2202 -10
2203 -11
2204 -12
2205 -13
2206 -14
2207 -13
2208 -12
2209 -11
2210 -12
2211 -13
2212 -14
2213 -13
2214 -12
2215 -11
2216 -12
2217 -13
2218 -14
2219 -15
2220 -14
2221 -15
2222 -14
2223 -15
2224 -16
2225 -17
2226 -16
2227 -15
2228 -14
2229 -13
2230 -12
2231 -11
2232 -12
2233 -13
2234 -14
2235 -13
2236 -12
2237 -11
2238 -10
2239 -11
2240 -10
2241 -9
2242 -10
2243 -9
2244 -8
2245 -9
2246 -10
2247 -9
2248 -10
2249 -11
2250 -12
2251 -13
2252 -12
2253 -13
2254 -14
2255 -15
2256 -14
2257 -13
2258 -14
2259 -13
2260 -14
2261 -15
2262 -14
2263 -13
2264 -14
2265 -13
2266 -14
2267 -13
2268 -14
2269 -13
2270 -12
2271 -13
2272 -12
2273 -11
2274 -12
2275 -11
2276 -10
2277 -11
2278 -10
2279 -9
2280 -10
2281 -9
2282 -8
2283 -7
2284 -6
2285 -5
2286 -4
2287 -5
2288 -6
2289 -7
2290 -6
2291 -5
2292 -6
2293 -5
2294 -6
2295 -5
2296 -4
2297 -3
2298 -4
2299 -3
2300 -2
2301 -1
2302 0
2303 -1
2304 0
2305 1
2306 2
2307 1
2308 0
2309 -1
2310 -2
2311 -3
2312 -2
2313 -3
2314 -2
2315 -3
2316 -4
2317 -5
2318 -4
2319 -5
2320 -4
2321 -5
2322 -4
2323 -3
2324 -2
2325 -1
2326 -2
2327 -3
2328 -4
2329 -5
2330 -4
2331 -3
2332 -4
2333 -3
2334 -4
2335 -3
2336 -2
2337 -1
2338 0
2339 1
2340 2
2341 3
2342 2
2343 3
2344 4
2345 5
2346 4
2347 3
2348 4
2349 3
2350 4
2351 3
2352 2
2353 3
2354 2
2355 1
2356 0
2357 1
2358 2
2359 1
2360 2
2361 3
2362 4
2363 3
2364 2
2365 3
2366 4
2367 5
2368 6
2369 7
2370 8
2371 7
2372 8
2373 7
2374 6
2375 7
2376 8
2377 7
2378 8
2379 9
2380 8
2381 7
2382 6
2383 5
2384 6
2385 5
2386 6
2387 5
2388 6
2389 7
2390 6
2391 7
2392 6
2393 7
2394 6
2395 5
2396 4
2397 3
2398 4
2399 3
2400 2
2401 1
2402 0
2403 1
2404 0
2405 -1
2406 0
2407 -1
2408 0
2409 -1
2410 -2
2411 -1
2412 0
2413 1
2414 2
2415 1
2416 0
2417 1
2418 0
2419 -1
2420 0
2421 1
2422 2
2423 3
2424 4
2425 5
2426 6
2427 5
2428 4
2429 5
2430 6
2431 5
2432 6
2433 5
2434 6
2435 5
2436 6
2437 5
2438 6
2439 5
2440 6
2441 7
2442 6
2443 5
2444 4
2445 3
2446 4
2447 3
2448 2
2449 3
2450 2
2451 1
2452 0
2453 -1
2454 -2
2455 -1
2456 -2
2457 -3
2458 -4
2459 -3
2460 -4
2461 -3
2462 -4
2463 -3
2464 -2
2465 -3
2466 -4
2467 -5
2468 -6
2469 -7
2470 -8
2471 -9
2472 -10
2473 -9
2474 -8
2475 -7
2476 -6
2477 -5
2478 -6
2479 -5
2480 -4
2481 -5
2482 -6
2483 -7
2484 -8
2485 -9
2486 -8
2487 -7
2488 -8
2489 -7
2490 -6
2491 -7
2492 -8
2493 -9
2494 -8
2495 -7
2496 -8
2497 -9
2498 -8
2499 -9
2500 -8
2501 -7
2502 -8
2503 -9
2504 -10
2505 -11
2506 -10
2507 -11
2508 -12
2509 -13
2510 -12
2511 -11
2512 -10
2513 -9
2514 -8
2515 -9
2516 -8
2517 -9
2518 -10
2519 -11
2520 -12
2521 -13
2522 -12
2523 -11
2524 -12
2525 -13
2526 -12
2527 -13
2528 -12
2529 -13
2530 -12
2531 -11
2532 -10
2533 -11
2534 -10
2535 -9
2536 -8
2537 -7
2538 -8
2539 -7
2540 -8
2541 -9
2542 -8
2543 -9
2544 -10
2545 -9
2546 -10
2547 -9
2548 -10
2549 -9
2550 -10
2551 -9
2552 -10
2553 -9
2554 -10
2555 -9
2556 -8
2557 -9
2558 -10
2559 -9
2560 -10
2561 -11
2562 -12
2563 -11
2564 -12
2565 -13
2566 -12
2567 -11
2568 -10
2569 -9
2570 -10
2571 -9
2572 -8
2573 -9
2574 -10
2575 -9
2576 -10
2577 -9
2578 -10
2579 -9
2580 -8
2581 -9
2582 -10
2583 -9
2584 -8
2585 -7
2586 -6
2587 -5
2588 -6
2589 -5
2590 -6
2591 -7
2592 -8
2593 -7
2594 -8
2595 -7
2596 -6
2597 -7
2598 -6
2599 -5
2600 -6
2601 -7
2602 -6
2603 -7
2604 -6
2605 -5
2606 -6
2607 -7
2608 -6
2609 -7
2610 -8
2611 -9
2612 -8
2613 -7
2614 -6
2615 -7
2616 -6
2617 -5
2618 -4
2619 -5
2620 -6
2621 -7
2622 -6
2623 -7
2624 -8
2625 -7
2626 -8
2627 -9
2628 -10
2629 -11
2630 -12
2631 -11
2632 -12
2633 -13
2634 -14
2635 -15
2636 -14
2637 -15
2638 -14
2639 -15
2640 -16
2641 -17
2642 -16
2643 -17
2644 -16
2645 -17
2646 -18
2647 -17
2648 -18
2649 -17
2650 -18
2651 -17
2652 -16
2653 -17
2654 -16
2655 -15
2656 -16
2657 -15
2658 -14
2659 -15
2660 -14
2661 -13
2662 -12
2663 -13
2664 -14
2665 -15
2666 -16
2667 -15
2668 -14
2669 -15
2670 -14
2671 -15
2672 -14
2673 -15
2674 -14
2675 -15
2676 -14
2677 -15
2678 -16
2679 -17
2680 -18
2681 -17
2682 -16
2683 -17
2684 -16
2685 -15
2686 -14
2687 -13
2688 -14
2689 -15
2690 -14
2691 -13
2692 -12
2693 -13
2694 -12
2695 -13
2696 -14
2697 -13
2698 -14
2699 -15
2700 -16
2701 -15
2702 -16
2703 -17
2704 -18
2705 -17
2706 -16
2707 -17
2708 -18
2709 -17
2710 -18
2711 -17
2712 -18
2713 -17
2714 -18
2715 -19
2716 -18
2717 -17
2718 -16
2719 -17
2720 -18
2721 -19
2722 -18
2723 -17
2724 -18
2725 -17
2726 -16
2727 -15
2728 -16
2729 -15
2730 -16
2731 -17
2732 -16
2733 -17
2734 -16
2735 -15
2736 -14
2737 -15
2738 -14
2739 -15
2740 -16
2741 -15
2742 -16
2743 -15
2744 -16
2745 -17
2746 -16
2747 -17
2748 -18
2749 -19
2750 -20
2751 -19
2752 -18
2753 -19
2754 -20
2755 -19
2756 -20
2757 -19
2758 -20
2759 -19
2760 -18
2761 -17
2762 -18
2763 -17
2764 -18
2765 -17
2766 -18
2767 -17
2768 -18
2769 -19
2770 -18
2771 -17
2772 -16
2773 -17
2774 -16
2775 -17
2776 -16
2777 -15
2778 -16
2779 -17
2780 -16
2781 -15
2782 -16
2783 -17
2784 -16
2785 -15
2786 -16
2787 -15
2788 -16
2789 -15
2790 -14
2791 -15
2792 -14
2793 -13
2794 -12
2795 -13
2796 -14
2797 -15
2798 -14
2799 -13
2800 -14
2801 -13
2802 -14
2803 -15
2804 -16
2805 -17
2806 -16
2807 -15
2808 -16
2809 -15
2810 -14
2811 -15
2812 -14
2813 -15
2814 -14
2815 -15
2816 -16
2817 -15
2818 -14
2819 -15
2820 -16
2821 -15
2822 -16
2823 -17
2824 -18
2825 -19
2826 -18
2827 -17
2828 -18
2829 -19
2830 -20
2831 -19
2832 -20
2833 -19
2834 -18
2835 -19
2836 -20
2837 -19
2838 -18
2839 -19
2840 -20
2841 -21
2842 -20
2843 -21
2844 -20
2845 -21
2846 -22
2847 -23
2848 -22
2849 -23
2850 -24
2851 -23
2852 -22
2853 -21
2854 -22
2855 -23
2856 -22
2857 -23
2858 -24
2859 -23
2860 -24
2861 -23
2862 -24
2863 -25
2864 -24
2865 -25
2866 -26
2867 -27
2868 -26
2869 -25
2870 -26
2871 -27
2872 -28
2873 -27
2874 -28
2875 -29
2876 -30
2877 -31
2878 -32
2879 -33
2880 -34
2881 -33
2882 -32
2883 -33
2884 -34
2885 -33
2886 -34
2887 -35
2888 -36
2889 -37
2890 -38
2891 -37
2892 -36
2893 -35
2894 -34
2895 -33
2896 -34
2897 -33
2898 -32
2899 -33
2900 -34
2901 -35
2902 -36
2903 -37
2904 -38
2905 -37
2906 -38
2907 -37
2908 -36
2909 -35
2910 -36
2911 -35
2912 -34
2913 -35
2914 -34
2915 -35
2916 -36
2917 -35
2918 -36
2919 -37
2920 -36
2921 -37
2922 -36
2923 -37
2924 -36
2925 -35
2926 -34
2927 -33
2928 -34
2929 -35
2930 -34
2931 -35
2932 -34
2933 -35
2934 -34
2935 -35
2936 -34
2937 -33
2938 -32
2939 -31
2940 -30
2941 -29
2942 -28
2943 -27
2944 -26
2945 -25
2946 -26
2947 -25
2948 -26
2949 -25
2950 -24
2951 -23
2952 -22
2953 -23
2954 -22
2955 -21
2956 -22
2957 -23
2958 -22
2959 -21
2960 -22
2961 -23
2962 -24
2963 -25
2964 -24
2965 -25
2966 -26
2967 -27
2968 -26
2969 -25
2970 -24
2971 -23
2972 -24
2973 -23
2974 -24
2975 -23
2976 -24
2977 -23
2978 -24
2979 -23
2980 -24
2981 -23
2982 -24
2983 -23
2984 -24
2985 -25
2986 -26
2987 -27
2988 -28
2989 -29
2990 -28
2991 -27
2992 -26
2993 -25
2994 -24
2995 -25
2996 -26
2997 -27
2998 -26
2999 -25
3000 -24
3001 -25
3002 -26
3003 -27
3004 -26
3005 -27
3006 -28
3007 -29
3008 -30
3009 -31
3010 -30
3011 -29
3012 -28
3013 -27
3014 -28
3015 -29
3016 -28
3017 -29
3018 -28
3019 -29
3020 -28
3021 -29
3022 -28
3023 -29
3024 -30
3025 -31
3026 -30
3027 -31
3028 -32
3029 -31
3030 -32
3031 -31
3032 -32
3033 -31
3034 -32
3035 -33
3036 -34
3037 -35
3038 -36
3039 -37
3040 -36
3041 -37
3042 -38
3043 -37
3044 -36
3045 -37
3046 -36
3047 -37
3048 -36
3049 -35
3050 -36
3051 -37
3052 -38
3053 -39
3054 -40
3055 -39
3056 -40
3057 -39
3058 -40
3059 -39
3060 -40
3061 -39
3062 -40
3063 -39
3064 -38
3065 -37
3066 -36
3067 -35
3068 -34
3069 -33
3070 -34
3071 -35
3072 -36
3073 -37
3074 -38
3075 -39
3076 -40
3077 -41
3078 -42
3079 -41
3080 -40
3081 -39
3082 -38
3083 -39
3084 -40
3085 -39
3086 -40
3087 -39
3088 -38
3089 -37
3090 -38
3091 -39
3092 -40
3093 -41
3094 -40
3095 -39
3096 -40
3097 -41
3098 -42
3099 -41
3100 -42
3101 -41
3102 -42
3103 -43
3104 -44
3105 -45
3106 -46
3107 -47
3108 -46
3109 -45
3110 -44
3111 -45
3112 -44
3113 -43
3114 -44
3115 -45
3116 -44
3117 -45
3118 -44
3119 -43
3120 -42
3121 -43
3122 -44
3123 -45
3124 -46
3125 -45
3126 -44
3127 -43
3128 -44
3129 -43
3130 -42
3131 -41
3132 -42
3133 -41
3134 -42
3135 -43
3136 -42
3137 -41
3138 -42
3139 -41
3140 -40
3141 -39
3142 -40
3143 -39
3144 -38
3145 -39
3146 -38
3147 -39
3148 -40
3149 -41
3150 -40
3151 -39
3152 -40
3153 -41
3154 -40
3155 -41
3156 -40
3157 -39
3158 -38
3159 -37
3160 -36
3161 -35
3162 -36
3163 -37
3164 -38
3165 -37
3166 -38
3167 -39
3168 -38
3169 -39
3170 -40
3171 -39
3172 -40
3173 -41
3174 -40
3175 -39
3176 -40
3177 -39
3178 -40
3179 -39
3180 -38
3181 -39
3182 -40
3183 -39
3184 -40
3185 -41
3186 -42
3187 -41
3188 -42
3189 -43
3190 -44
3191 -45
3192 -44
3193 -45
3194 -44
3195 -43
3196 -44
3197 -43
3198 -42
3199 -43
3200 -42
3201 -43
3202 -42
3203 -41
3204 -40
3205 -39
3206 -38
3207 -37
3208 -36
3209 -35
3210 -36
3211 -37
3212 -38
3213 -39
3214 -40
3215 -39
3216 -40
3217 -39
3218 -38
3219 -39
3220 -38
3221 -39
3222 -40
3223 -41
3224 -42
3225 -43
3226 -44
3227 -45
3228 -44
3229 -45
3230 -46
3231 -47
3232 -48
3233 -47
3234 -48
3235 -49
3236 -50
3237 -51
3238 -52
3239 -53
3240 -54
3241 -55
3242 -56
3243 -57
3244 -58
3245 -59
3246 -58
3247 -57
3248 -58
3249 -57
3250 -56
3251 -55
3252 -54
3253 -55
3254 -54
3255 -53
3256 -52
3257 -51
3258 -52
3259 -51
3260 -50
3261 -49
3262 -48
3263 -47
3264 -48
3265 -49
3266 -50
3267 -51
3268 -52
3269 -53
3270 -54
3271 -55
3272 -54
3273 -55
3274 -56
3275 -55
3276 -56
3277 -57
3278 -58
3279 -57
3280 -56
3281 -57
3282 -58
3283 -59
3284 -58
3285 -57
3286 -56
3287 -57
3288 -58
3289 -59
3290 -60
3291 -59
3292 -60
3293 -59
3294 -60
3295 -61
3296 -62
3297 -61
3298 -62
3299 -61
3300 -60
3301 -61
3302 -62
3303 -63
3304 -64
3305 -63
3306 -62
3307 -61
3308 -60
3309 -59
3310 -60
3311 -61
3312 -62
3313 -61
3314 -60
3315 -59
3316 -60
3317 -59
3318 -58
3319 -59
3320 -58
3321 -59
3322 -58
3323 -59
3324 -60
3325 -61
3326 -60
3327 -61
3328 -60
3329 -61
3330 -62
3331 -61
3332 -60
3333 -59
3334 -58
3335 -57
3336 -58
3337 -59
3338 -58
3339 -57
3340 -56
3341 -55
3342 -54
3343 -53
3344 -54
3345 -53
3346 -54
3347 -53
3348 -52
3349 -53
3350 -54
3351 -53
3352 -54
3353 -55
3354 -56
3355 -57
3356 -56
3357 -57
3358 -58
3359 -57
3360 -58
3361 -59
3362 -60
3363 -59
3364 -60
3365 -61
3366 -62
3367 -61
3368 -60
3369 -61
3370 -60
3371 -61
3372 -60
3373 -61
3374 -60
3375 -59
3376 -58
3377 -59
3378 -60
3379 -61
3380 -62
3381 -63
3382 -62
3383 -63
3384 -64
3385 -63
3386 -64
3387 -65
3388 -64
3389 -65
3390 -64
3391 -63
3392 -64
3393 -65
3394 -64
3395 -63
3396 -64
3397 -63
3398 -64
3399 -65
3400 -64
3401 -65
3402 -66
3403 -65
3404 -66
3405 -67
3406 -66
3407 -67
3408 -66
3409 -67
3410 -66
3411 -67
3412 -68
3413 -67
3414 -66
3415 -65
3416 -66
3417 -65
3418 -64
3419 -65
3420 -66
3421 -65
3422 -66
3423 -65
3424 -66
3425 -65
3426 -66
3427 -65
3428 -64
3429 -63
3430 -64
3431 -65
3432 -66
3433 -67
3434 -66
3435 -67
3436 -66
3437 -65
3438 -64
3439 -65
3440 -64
3441 -63
3442 -64
3443 -63
3444 -64
3445 -65
3446 -66
3447 -65
3448 -64
3449 -65
3450 -66
3451 -67
3452 -66
3453 -67
3454 -66
3455 -67
3456 -68
3457 -69
3458 -70
3459 -69
3460 -68
3461 -67
3462 -68
3463 -67
3464 -66
3465 -67
3466 -68
3467 -69
3468 -70
3469 -71
3470 -70
3471 -69
3472 -68
3473 -69
3474 -70
3475 -71
3476 -72
3477 -71
3478 -72
3479 -73
3480 -74
3481 -75
3482 -76
3483 -75
3484 -74
3485 -75
3486 -74
3487 -73
3488 -74
3489 -75
3490 -74
3491 -73
3492 -74
3493 -75
3494 -74
3495 -73
3496 -74
3497 -73
3498 -74
3499 -73
3500 -74
3501 -75
3502 -74
3503 -73
3504 -72
3505 -73
3506 -74
3507 -73
3508 -74
3509 -75
3510 -76
3511 -77
3512 -76
3513 -77
3514 -78
3515 -79
3516 -78
3517 -79
3518 -78
3519 -77
3520 -76
3521 -77
3522 -76
3523 -77
3524 -78
3525 -79
3526 -78
3527 -77
3528 -76
3529 -77
3530 -78
3531 -79
3532 -80
3533 -81
3534 -82
3535 -81
3536 -80
3537 -79
3538 -80
3539 -79
3540 -78
3541 -77
3542 -76
3543 -77
3544 -78
3545 -77
3546 -76
3547 -75
3548 -74
3549 -73
3550 -72
3551 -71
3552 -70
3553 -71
3554 -72
3555 -73
3556 -72
3557 -73
3558 -72
3559 -73
3560 -74
3561 -73
3562 -72
3563 -71
3564 -70
3565 -69
3566 -68
3567 -67
3568 -68
3569 -67
3570 -66
3571 -65
3572 -66
3573 -67
3574 -66
3575 -67
3576 -66
3577 -67
3578 -68
3579 -67
3580 -68
3581 -67
3582 -68
3583 -67
3584 -66
3585 -67
3586 -66
3587 -67
3588 -68
3589 -67
3590 -68
3591 -67
3592 -66
3593 -65
3594 -64
3595 -65
3596 -66
3597 -65
3598 -64
3599 -65
3600 -66
3601 -65
3602 -66
3603 -67
3604 -66
3605 -67
3606 -66
3607 -65
3608 -64
3609 -63
3610 -64
3611 -65
3612 -66
3613 -65
3614 -64
3615 -65
3616 -66
3617 -67
3618 -68
3619 -67
3620 -68
3621 -67
3622 -68
3623 -69
3624 -68
3625 -67
3626 -68
3627 -69
3628 -68
3629 -67
3630 -66
3631 -67
3632 -66
3633 -67
3634 -66
3635 -67
3636 -66
3637 -67
3638 -66
3639 -67
3640 -66
3641 -65
3642 -64
3643 -65
3644 -64
3645 -65
3646 -66
3647 -65
3648 -66
3649 -67
3650 -68
3651 -67
3652 -68
3653 -67
3654 -68
3655 -67
3656 -68
3657 -69
3658 -70
3659 -71
3660 -72
3661 -73
3662 -72
3663 -71
3664 -72
3665 -73
3666 -72
3667 -71
3668 -70
3669 -71
3670 -70
3671 -69
3672 -68
3673 -69
3674 -70
3675 -71
3676 -72
3677 -73
3678 -72
3679 -73
3680 -74
3681 -75
3682 -76
3683 -75
3684 -76
3685 -75
3686 -74
3687 -75
3688 -76
3689 -77
3690 -76
3691 -77
3692 -76
3693 -75
3694 -74
3695 -75
3696 -76
3697 -75
3698 -74
3699 -75
3700 -76
3701 -77
3702 -76
3703 -77
3704 -78
3705 -79
3706 -78
3707 -77
3708 -76
3709 -77
3710 -76
3711 -75
3712 -74
3713 -73
3714 -72
3715 -73
3716 -74
3717 -75
3718 -74
3719 -75
3720 -74
3721 -73
3722 -72
3723 -73
3724 -74
3725 -75
3726 -76
3727 -75
3728 -76
3729 -77
3730 -78
3731 -77
3732 -78
3733 -79
3734 -78
3735 -79
3736 -78
3737 -77
3738 -78
3739 -79
3740 -78
3741 -79
3742 -80
3743 -81
3744 -82
3745 -81
3746 -82
3747 -81
3748 -80
3749 -79
3750 -80
3751 -81
3752 -80
3753 -79
3754 -80
3755 -81
3756 -80
3757 -79
3758 -80
3759 -79
3760 -78
3761 -77
3762 -78
3763 -79
3764 -78
3765 -77
3766 -76
3767 -75
3768 -76
3769 -77
3770 -76
3771 -75
3772 -74
3773 -75
3774 -76
3775 -75
3776 -76
3777 -77
3778 -76
3779 -75
3780 -74
3781 -75
3782 -74
3783 -73
3784 -72
3785 -73
3786 -72
3787 -71
3788 -70
3789 -71
3790 -70
3791 -69
3792 -70
3793 -71
3794 -70
3795 -71
3796 -72
3797 -73
3798 -72
3799 -73
3800 -74
3801 -75
3802 -76
3803 -77
3804 -78
3805 -79
3806 -78
3807 -79
3808 -80
3809 -81
3810 -82
3811 -81
3812 -80
3813 -79
3814 -80
3815 -79
3816 -80
3817 -81
3818 -82
3819 -81
3820 -80
3821 -81
3822 -80
3823 -81
3824 -82
3825 -81
3826 -80
3827 -79
3828 -80
3829 -81
3830 -82
3831 -81
3832 -80
3833 -79
3834 -80
3835 -81
3836 -82
3837 -81
3838 -82
3839 -81
3840 -82
3841 -81
3842 -80
3843 -79
3844 -80
3845 -81
3846 -82
3847 -83
3848 -84
3849 -85
3850 -84
3851 -85
3852 -86
3853 -87
3854 -86
3855 -85
3856 -86
3857 -85
3858 -84
3859 -85
3860 -86
3861 -85
3862 -86
3863 -87
3864 -86
3865 -87
3866 -88
3867 -87
3868 -86
3869 -87
3870 -86
3871 -87
3872 -88
3873 -89
3874 -90
3875 -91
3876 -92
3877 -91
3878 -90
3879 -91
3880 -92
3881 -91
3882 -92
3883 -91
3884 -90
3885 -89
3886 -88
3887 -87
3888 -86
3889 -85
3890 -84
3891 -83
3892 -84
3893 -83
3894 -82
3895 -81
3896 -80
3897 -79
3898 -78
3899 -77
3900 -76
3901 -75
3902 -76
3903 -75
3904 -76
3905 -77
3906 -76
3907 -77
3908 -76
3909 -75
3910 -76
3911 -75
3912 -74
3913 -75
3914 -76
3915 -75
3916 -74
3917 -75
3918 -74
3919 -75
3920 -76
3921 -77
3922 -76
3923 -75
3924 -76
3925 -77
3926 -76
3927 -75
3928 -74
3929 -73
3930 -72
3931 -73
3932 -72
3933 -73
3934 -72
3935 -71
3936 -70
3937 -69
3938 -68
3939 -69
3940 -68
3941 -69
3942 -68
3943 -67
3944 -66
3945 -67
3946 -66
3947 -67
3948 -66
3949 -67
3950 -68
3951 -67
3952 -68
3953 -69
3954 -68
3955 -69
3956 -68
3957 -67
3958 -66
3959 -65
3960 -66
3961 -67
3962 -68
3963 -67
3964 -66
3965 -67
3966 -68
3967 -69
3968 -68
3969 -69
3970 -68
3971 -67
3972 -66
3973 -67
3974 -68
3975 -69
3976 -70
3977 -69
3978 -68
3979 -67
3980 -68
3981 -67
3982 -68
3983 -67
3984 -66
3985 -67
3986 -66
3987 -67
3988 -68
3989 -67
3990 -66
3991 -65
3992 -64
3993 -65
3994 -64
3995 -65
3996 -64
3997 -63
3998 -62
3999 -61
4000 -62
4001 -63
4002 -64
4003 -65
4004 -64
4005 -65
4006 -66
4007 -65
4008 -64
4009 -65
4010 -66
4011 -67
4012 -68
4013 -69
4014 -68
4015 -67
4016 -68
4017 -67
4018 -68
4019 -69
4020 -70
4021 -69
4022 -70
4023 -71
4024 -70
4025 -69
4026 -68
4027 -67
4028 -68
4029 -67
4030 -66
4031 -67
4032 -68
4033 -69
4034 -70
4035 -69
4036 -70
4037 -71
4038 -72
4039 -73
4040 -72
4041 -71
4042 -70
4043 -71
4044 -72
4045 -71
4046 -70
4047 -69
4048 -68
4049 -69
4050 -70
4051 -69
4052 -68
4053 -69
4054 -68
4055 -69
4056 -68
4057 -67
4058 -68
4059 -69
4060 -70
4061 -71
4062 -70
4063 -71
4064 -72
4065 -71
4066 -70
4067 -71
4068 -72
4069 -73
4070 -74
4071 -73
4072 -72
4073 -73
4074 -74
4075 -73
4076 -72
4077 -73
4078 -72
4079 -71
4080 -72
4081 -73
4082 -74
4083 -73
4084 -74
4085 -75
4086 -74
4087 -73
4088 -72
4089 -71
4090 -70
4091 -71
4092 -72
4093 -73
4094 -74
4095 -73
4096 -74
4097 -75
4098 -74
4099 -75
4100 -76
4101 -75
4102 -74
4103 -73
4104 -74
4105 -73
4106 -74
4107 -73
4108 -74
4109 -73
4110 -72
4111 -71
4112 -72
4113 -71
4114 -72
4115 -73
4116 -72
4117 -73
4118 -74
4119 -75
4120 -76
4121 -77
4122 -76
4123 -75
4124 -76
4125 -77
4126 -76
4127 -75
4128 -76
4129 -75
4130 -74
4131 -73
4132 -74
4133 -75
4134 -76
4135 -75
4136 -76
4137 -75
4138 -76
4139 -75
4140 -74
4141 -75
4142 -74
4143 -75
4144 -74
4145 -73
4146 -72
4147 -71
4148 -72
4149 -71
4150 -70
4151 -69
4152 -68
4153 -67
4154 -66
4155 -65
4156 -64
4157 -65
4158 -66
4159 -65
4160 -66
4161 -65
4162 -66
4163 -65
4164 -66
4165 -65
4166 -66
4167 -67
4168 -68
4169 -69
4170 -68
4171 -69
4172 -68
4173 -67
4174 -66
4175 -65
4176 -64
4177 -65
4178 -66
4179 -65
4180 -66
4181 -67
4182 -66
4183 -67
4184 -66
4185 -67
4186 -68
4187 -69
4188 -68
4189 -69
4190 -70
4191 -71
4192 -72
4193 -71
4194 -70
4195 -69
4196 -68
4197 -67
4198 -68
4199 -67
4200 -66
4201 -65
4202 -66
4203 -65
4204 -64
4205 -65
4206 -64
4207 -65
4208 -64
4209 -63
4210 -62
4211 -63
4212 -64
4213 -63
4214 -62
4215 -63
4216 -62
4217 -61
4218 -62
4219 -61
4220 -62
4221 -63
4222 -62
4223 -61
4224 -62
4225 -63
4226 -62
4227 -61
4228 -62
4229 -61
4230 -60
4231 -59
4232 -60
4233 -59
4234 -60
4235 -61
4236 -62
4237 -61
4238 -62
4239 -63
4240 -62
4241 -61
4242 -62
4243 -61
4244 -62
4245 -61
4246 -60
4247 -59
4248 -58
4249 -59
4250 -60
4251 -61
4252 -60
4253 -61
4254 -62
4255 -63
4256 -62
4257 -61
4258 -62
4259 -61
4260 -62
4261 -63
4262 -64
4263 -65
4264 -66
4265 -67
4266 -66
4267 -67
4268 -68
4269 -67
4270 -68
4271 -69
4272 -68
4273 -67
4274 -68
4275 -69
4276 -68
4277 -67
4278 -68
4279 -69
4280 -68
4281 -69
4282 -68
4283 -67
4284 -66
4285 -67
4286 -68
4287 -67
4288 -66
4289 -65
4290 -66
4291 -65
4292 -64
4293 -63
4294 -64
4295 -63
4296 -64
4297 -63
4298 -62
4299 -63
4300 -64
4301 -65
4302 -66
4303 -65
4304 -66
4305 -67
4306 -66
4307 -65
4308 -66
4309 -67
4310 -68
4311 -67
4312 -68
4313 -69
4314 -70
4315 -69
4316 -68
4317 -69
4318 -70
4319 -69
4320 -70
4321 -69
4322 -70
4323 -69
4324 -68
4325 -69
4326 -68
4327 -69
4328 -70
4329 -69
4330 -70
4331 -69
4332 -68
4333 -69
4334 -70
4335 -69
4336 -68
4337 -67
4338 -66
4339 -65
4340 -64
4341 -65
4342 -66
4343 -65
4344 -66
4345 -65
4346 -66
4347 -67
4348 -68
4349 -69
4350 -70
4351 -69
4352 -70
4353 -69
4354 -68
4355 -67
4356 -68
4357 -67
4358 -68
4359 -69
4360 -68
4361 -67
4362 -68
4363 -69
4364 -70
4365 -69
4366 -70
4367 -71
4368 -70
4369 -71
4370 -72
4371 -73
4372 -72
4373 -73
4374 -74
4375 -73
4376 -74
4377 -75
4378 -74
4379 -75
4380 -76
4381 -75
4382 -74
4383 -73
4384 -72
4385 -71
4386 -70
4387 -69
4388 -70
4389 -69
4390 -68
4391 -69
4392 -70
4393 -69
4394 -68
4395 -67
4396 -68
4397 -69
4398 -68
4399 -69
4400 -68
4401 -67
4402 -66
4403 -65
4404 -66
4405 -67
4406 -66
4407 -65
4408 -66
4409 -67
4410 -66
4411 -67
4412 -68
4413 -67
4414 -68
4415 -69
4416 -68
4417 -69
4418 -70
4419 -71
4420 -70
4421 -69
4422 -68
4423 -67
4424 -66
4425 -65
4426 -64
4427 -63
4428 -64
4429 -63
4430 -62
4431 -61
4432 -60
4433 -59
4434 -58
4435 -57
4436 -56
4437 -55
4438 -56
4439 -57
4440 -56
4441 -55
4442 -54
4443 -55
4444 -56
4445 -57
4446 -56
4447 -55
4448 -56
4449 -55
4450 -54
4451 -53
4452 -54
4453 -53
4454 -52
4455 -53
4456 -52
4457 -51
4458 -52
4459 -53
4460 -52
4461 -51
4462 -52
4463 -51
4464 -52
4465 -53
4466 -52
4467 -51
4468 -50
4469 -49
4470 -50
4471 -49
4472 -48
4473 -49
4474 -50
4475 -51
4476 -50
4477 -51
4478 -52
4479 -53
4480 -52
4481 -53
4482 -52
4483 -51
4484 -52
4485 -51
4486 -50
4487 -49
4488 -50
4489 -49
4490 -48
4491 -49
4492 -50
4493 -49
4494 -48
4495 -47
4496 -48
4497 -49
4498 -50
4499 -51
4500 -52
4501 -51
4502 -52
4503 -51
4504 -50
4505 -49
4506 -50
4507 -49
4508 -50
4509 -49
4510 -50
4511 -49
4512 -50
4513 -51
4514 -52
4515 -53
4516 -54
4517 -53
4518 -52
4519 -51
4520 -52
4521 -53
4522 -54
4523 -55
4524 -56
4525 -55
4526 -56
4527 -55
4528 -56
4529 -57
4530 -56
4531 -57
4532 -56
4533 -57
4534 -58
4535 -57
4536 -58
4537 -57
4538 -58
4539 -59
4540 -58
4541 -59
4542 -60
4543 -61
4544 -60
4545 -59
4546 -60
4547 -59
4548 -60
4549 -61
4550 -60
4551 -61
4552 -60
4553 -61
4554 -60
4555 -59
4556 -58
4557 -59
4558 -60
4559 -59
4560 -58
4561 -57
4562 -56
4563 -57
4564 -58
4565 -59
4566 -58
4567 -59
4568 -58
4569 -59
4570 -58
4571 -57
4572 -56
4573 -55
4574 -56
4575 -57
4576 -56
4577 -55
4578 -56
4579 -57
4580 -58
4581 -57
4582 -58
4583 -57
4584 -56
4585 -55
4586 -56
4587 -57
4588 -56
4589 -57
4590 -58
4591 -59
4592 -58
4593 -59
4594 -58
4595 -59
4596 -58
4597 -57
4598 -58
4599 -57
4600 -58
4601 -57
4602 -56
4603 -55
4604 -56
4605 -57
4606 -58
4607 -59
4608 -60
4609 -59
4610 -60
4611 -59
4612 -60
4613 -61
4614 -62
4615 -63
4616 -62
4617 -63
4618 -62
4619 -63
4620 -64
4621 -65
4622 -64
4623 -63
4624 -64
4625 -63
4626 -62
4627 -61
4628 -60
4629 -59
4630 -60
4631 -59
4632 -60
4633 -59
4634 -58
4635 -57
4636 -58
4637 -59
4638 -60
4639 -61
4640 -62
4641 -63
4642 -64
4643 -65
4644 -64
4645 -65
4646 -66
4647 -67
4648 -66
4649 -65
4650 -66
4651 -67
4652 -68
4653 -69
4654 -70
4655 -71
4656 -72
4657 -71
4658 -70
4659 -69
4660 -68
4661 -67
4662 -66
4663 -67
4664 -68
4665 -69
4666 -70
4667 -69
4668 -70
4669 -69
4670 -70
4671 -69
4672 -70
4673 -69
4674 -70
4675 -69
4676 -68
4677 -69
4678 -70
4679 -69
4680 -70
4681 -69
4682 -70
4683 -71
4684 -70
4685 -71
4686 -72
4687 -71
4688 -72
4689 -73
4690 -74
4691 -75
4692 -74
4693 -73
4694 -72
4695 -73
4696 -72
4697 -71
4698 -72
4699 -71
4700 -70
4701 -69
4702 -68
4703 -69
4704 -70
4705 -69
4706 -70
4707 -69
4708 -70
4709 -71
4710 -72
4711 -73
4712 -72
4713 -71
4714 -72
4715 -73
4716 -74
4717 -75
4718 -76
4719 -75
4720 -74
4721 -73
4722 -72
4723 -71
4724 -70
4725 -69
4726 -68
4727 -67
4728 -68
4729 -67
4730 -66
4731 -65
4732 -64
4733 -63
4734 -64
4735 -63
4736 -64
4737 -65
4738 -66
4739 -67
4740 -66
4741 -65
4742 -66
4743 -65
4744 -66
4745 -67
4746 -68
4747 -67
4748 -66
4749 -65
4750 -64
4751 -65
4752 -64
4753 -63
4754 -62
4755 -61
4756 -60
4757 -61
4758 -62
4759 -63
4760 -62
4761 -63
4762 -62
4763 -63
4764 -64
4765 -63
4766 -62
4767 -63
4768 -64
4769 -63
4770 -62
4771 -63
4772 -62
4773 -61
4774 -62
4775 -63
4776 -64
4777 -63
4778 -64
4779 -63
4780 -62
4781 -63
4782 -64
4783 -65
4784 -66
4785 -67
4786 -66
4787 -67
4788 -66
4789 -65
4790 -66
4791 -65
4792 -66
4793 -65
4794 -66
4795 -67
4796 -68
4797 -69
4798 -70
4799 -71
4800 -72
4801 -71
4802 -72
4803 -73
4804 -72
4805 -71
4806 -70
4807 -71
4808 -72
4809 -73
4810 -72
4811 -73
4812 -72
4813 -73
4814 -74
4815 -73
4816 -72
4817 -71
4818 -72
4819 -73
4820 -74
4821 -75
4822 -74
4823 -73
4824 -72
4825 -73
4826 -72
4827 -71
4828 -70
4829 -71
4830 -70
4831 -69
4832 -70
4833 -69
4834 -70
4835 -69
4836 -68
4837 -69
4838 -68
4839 -67
4840 -68
4841 -67
4842 -66
4843 -65
4844 -66
4845 -65
4846 -64
4847 -63
4848 -64
4849 -63
4850 -64
4851 -65
4852 -66
4853 -65
4854 -66
4855 -67
4856 -66
4857 -65
4858 -64
4859 -65
4860 -66
4861 -67
4862 -66
4863 -67
4864 -66
4865 -65
4866 -64
4867 -63
4868 -62
4869 -63
4870 -64
4871 -65
4872 -64
4873 -63
4874 -62
4875 -61
4876 -60
4877 -59
4878 -58
4879 -57
4880 -58
4881 -59
4882 -58
4883 -59
4884 -58
4885 -59
4886 -58
4887 -59
4888 -58
4889 -57
4890 -58
4891 -57
4892 -56
4893 -55
4894 -56
4895 -55
4896 -54
4897 -55
4898 -56
4899 -55
4900 -54
4901 -53
4902 -54
4903 -53
4904 -52
4905 -51
4906 -52
4907 -53
4908 -52
4909 -51
4910 -52
4911 -53
4912 -52
4913 -51
4914 -50
4915 -49
4916 -48
4917 -47
4918 -48
4919 -47
4920 -48
4921 -47
4922 -46
4923 -47
4924 -48
4925 -49
4926 -48
4927 -49
4928 -50
4929 -49
4930 -50
4931 -51
4932 -52
4933 -53
4934 -52
4935 -51
4936 -52
4937 -53
4938 -52
4939 -53
4940 -52
4941 -53
4942 -52
4943 -53
4944 -54
4945 -55
4946 -56
4947 -57
4948 -58
4949 -59
4950 -58
4951 -57
4952 -56
4953 -55
4954 -56
4955 -57
4956 -58
4957 -59
4958 -60
4959 -61
4960 -60
4961 -61
4962 -60
4963 -61
4964 -62
4965 -63
4966 -64
4967 -65
4968 -64
4969 -65
4970 -64
4971 -65
4972 -64
4973 -63
4974 -64
4975 -65
4976 -66
4977 -67
4978 -66
4979 -65
4980 -64
4981 -63
4982 -64
4983 -63
4984 -62
4985 -61
4986 -60
4987 -61
4988 -60
4989 -61
4990 -60
4991 -61
4992 -62
4993 -63
4994 -62
4995 -61
4996 -60
4997 -61
4998 -62
4999 -63
5000 -64
5001 -63
5002 -64
5003 -63
5004 -62
5005 -61
5006 -62
5007 -61
5008 -62
5009 -63
5010 -64
5011 -63
5012 -62
5013 -63
5014 -62
5015 -63
5016 -64
5017 -63
5018 -62
5019 -61
5020 -62
5021 -61
5022 -60
5023 -59
5024 -60
5025 -59
5026 -58
5027 -57
5028 -56
5029 -57
5030 -56
5031 -55
5032 -56
5033 -57
5034 -58
5035 -57
5036 -58
5037 -57
5038 -58
5039 -59
5040 -58
5041 -57
5042 -58
5043 -59
5044 -60
5045 -61
5046 -60
5047 -61
5048 -60
5049 -59
5050 -60
5051 -59
5052 -60
5053 -61
5054 -62
5055 -63
5056 -62
5057 -61
5058 -60
5059 -61
5060 -60
5061 -59
5062 -60
5063 -61
5064 -62
5065 -61
5066 -62
5067 -61
5068 -62
5069 -63
5070 -62
5071 -63
5072 -62
5073 -61
5074 -60
5075 -61
5076 -62
5077 -63
5078 -62
5079 -61
5080 -60
5081 -61
5082 -60
5083 -59
5084 -60
5085 -61
5086 -62
5087 -63
5088 -64
5089 -63
5090 -64
5091 -65
5092 -64
5093 -63
5094 -62
5095 -61
5096 -60
5097 -59
5098 -60
5099 -61
5100 -60
5101 -59
5102 -58
5103 -57
5104 -56
5105 -57
5106 -58
5107 -57
5108 -58
5109 -59
5110 -60
5111 -59
5112 -60
5113 -59
5114 -60
5115 -59
5116 -58
5117 -59
5118 -58
5119 -57
5120 -58
5121 -57
5122 -58
5123 -59
5124 -58
5125 -57
5126 -58
5127 -59
5128 -58
5129 -59
5130 -58
5131 -59
5132 -60
5133 -61
5134 -62
5135 -61
5136 -62
5137 -63
5138 -62
5139 -61
5140 -60
5141 -61
5142 -62
5143 -63
5144 -62
5145 -61
5146 -60
5147 -61
5148 -60
5149 -61
5150 -60
5151 -59
5152 -58
5153 -59
5154 -60
5155 -59
5156 -60
5157 -59
5158 -60
5159 -59
5160 -58
5161 -59
5162 -60
5163 -59
5164 -60
5165 -59
5166 -60
5167 -59
5168 -58
5169 -57
5170 -58
5171 -57
5172 -58
5173 -57
5174 -56
5175 -55
5176 -56
5177 -57
5178 -56
5179 -57
5180 -56
5181 -57
5182 -56
5183 -57
5184 -58
5185 -59
5186 -58
5187 -57
5188 -58
5189 -57
5190 -58
5191 -59
5192 -60
5193 -59
5194 -60
5195 -61
5196 -60
5197 -59
5198 -58
5199 -57
5200 -56
5201 -57
5202 -56
5203 -57
5204 -58
5205 -59
5206 -60
5207 -61
5208 -60
5209 -59
5210 -60
5211 -61
5212 -62
5213 -61
5214 -60
5215 -61
5216 -62
5217 -61
5218 -60
5219 -61
5220 -60
5221 -59
5222 -60
5223 -59
5224 -58
5225 -57
5226 -58
5227 -59
5228 -60
5229 -61
5230 -60
5231 -59
5232 -58
5233 -57
5234 -58
5235 -59
5236 -60
5237 -61
5238 -62
5239 -61
5240 -62
5241 -63
5242 -64
5243 -65
5244 -66
5245 -65
5246 -66
5247 -65
5248 -66
5249 -67
5250 -68
5251 -67
5252 -66
5253 -65
5254 -64
5255 -63
5256 -64
5257 -63
5258 -64
5259 -63
5260 -62
5261 -61
5262 -60
5263 -59
5264 -58
5265 -57
5266 -56
5267 -57
5268 -58
5269 -57
5270 -56
5271 -57
5272 -56
5273 -55
5274 -54
5275 -55
5276 -54
5277 -55
5278 -54
5279 -53
5280 -52
5281 -53
5282 -54
5283 -55
5284 -56
5285 -55
5286 -56
5287 -55
5288 -56
5289 -57
5290 -58
5291 -59
5292 -60
5293 -61
5294 -62
5295 -63
5296 -64
5297 -63
5298 -62
5299 -61
5300 -60
5301 -59
5302 -60
5303 -61
5304 -62
5305 -61
5306 -60
5307 -61
5308 -62
5309 -63
5310 -64
5311 -65
5312 -66
5313 -65
5314 -64
5315 -63
5316 -64
5317 -63
5318 -62
5319 -61
5320 -60
5321 -61
5322 -60
5323 -61
5324 -60
5325 -59
5326 -58
5327 -57
5328 -58
5329 -57
5330 -58
5331 -59
5332 -60
5333 -59
5334 -58
5335 -59
5336 -60
5337 -61
5338 -62
5339 -63
5340 -62
5341 -61
5342 -62
5343 -61
5344 -60
5345 -59
5346 -60
5347 -61
5348 -60
5349 -61
5350 -62
5351 -61
5352 -60
5353 -61
5354 -60
5355 -59
5356 -60
5357 -59
5358 -58
5359 -59
5360 -58
5361 -57
5362 -58
5363 -57
5364 -56
5365 -55
5366 -56
5367 -55
5368 -56
5369 -55
5370 -54
5371 -55
5372 -56
5373 -55
5374 -56
5375 -57
5376 -58
5377 -59
5378 -58
5379 -59
5380 -60
5381 -61
5382 -62
5383 -63
5384 -64
5385 -63
5386 -64
5387 -65
5388 -64
5389 -63
5390 -62
5391 -61
5392 -60
5393 -59
5394 -58
5395 -57
5396 -58
5397 -59
5398 -58
5399 -59
5400 -60
5401 -59
5402 -60
5403 -61
5404 -60
5405 -61
5406 -62
5407 -63
5408 -64
5409 -63
5410 -64
5411 -63
5412 -64
5413 -63
5414 -64
5415 -63
5416 -64
5417 -63
5418 -62
5419 -63
5420 -62
5421 -61
5422 -60
5423 -61
5424 -60
5425 -61
5426 -62
5427 -61
5428 -60
5429 -61
5430 -62
5431 -63
5432 -62
5433 -63
5434 -62
5435 -63
5436 -62
5437 -63
5438 -64
5439 -63
5440 -64
5441 -63
5442 -64
5443 -63
5444 -62
5445 -63
5446 -62
5447 -63
5448 -62
5449 -63
5450 -64
5451 -63
5452 -64
5453 -63
5454 -64
5455 -65
5456 -66
5457 -65
5458 -64
5459 -63
5460 -64
5461 -65
5462 -66
5463 -67
5464 -68
5465 -67
5466 -68
5467 -67
5468 -66
5469 -67
5470 -66
5471 -67
5472 -66
5473 -67
5474 -68
5475 -69
5476 -70
5477 -71
5478 -70
5479 -71
5480 -70
5481 -71
5482 -70
5483 -69
5484 -68
5485 -69
5486 -68
5487 -69
5488 -70
5489 -69
5490 -70
5491 -71
5492 -72
5493 -73
5494 -72
5495 -71
5496 -72
5497 -71
5498 -70
5499 -71
5500 -70
5501 -69
5502 -68
5503 -69
5504 -70
5505 -71
5506 -72
5507 -73
5508 -72
5509 -71
5510 -70
5511 -71
5512 -72
5513 -73
5514 -74
5515 -73
5516 -74
5517 -73
5518 -72
5519 -73
5520 -72
5521 -73
5522 -74
5523 -73
5524 -74
5525 -75
5526 -76
5527 -75
5528 -76
5529 -77
5530 -78
5531 -77
5532 -78
5533 -77
5534 -78
5535 -79
5536 -78
5537 -79
5538 -78
5539 -79
5540 -78
5541 -77
5542 -76
5543 -75
5544 -76
5545 -75
5546 -74
5547 -75
5548 -74
5549 -73
5550 -74
5551 -75
5552 -74
5553 -75
5554 -76
5555 -75
5556 -74
5557 -73
5558 -74
5559 -75
5560 -76
5561 -75
5562 -76
5563 -77
5564 -76
5565 -75
5566 -74
5567 -75
5568 -74
5569 -75
5570 -74
5571 -75
5572 -76
5573 -77
5574 -76
5575 -75
5576 -74
5577 -75
5578 -74
5579 -73
5580 -72
5581 -73
5582 -74
5583 -75
5584 -76
5585 -77
5586 -76
5587 -75
5588 -76
5589 -77
5590 -78
5591 -79
5592 -78
5593 -79
5594 -78
5595 -79
5596 -80
5597 -79
5598 -80
5599 -81
5600 -82
5601 -81
5602 -80
5603 -79
5604 -80
5605 -79
5606 -78
5607 -77
5608 -76
5609 -77
5610 -78
5611 -77
5612 -78
5613 -79
5614 -78
5615 -77
5616 -76
5617 -75
5618 -74
5619 -73
5620 -74
5621 -75
5622 -76
5623 -77
5624 -76
5625 -75
5626 -76
5627 -75
5628 -76
5629 -77
5630 -76
5631 -77
5632 -78
5633 -77
5634 -76
5635 -75
5636 -76
5637 -77
5638 -76
5639 -75
5640 -74
5641 -75
5642 -74
5643 -73
5644 -74
5645 -73
5646 -72
5647 -73
5648 -74
5649 -73
5650 -74
5651 -73
5652 -74
5653 -75
5654 -74
5655 -73
5656 -72
5657 -71
5658 -72
5659 -73
5660 -74
5661 -75
5662 -76
5663 -77
5664 -78
5665 -79
5666 -78
5667 -77
5668 -76
5669 -75
5670 -74
5671 -73
5672 -72
5673 -71
5674 -72
5675 -71
5676 -70
5677 -71
5678 -72
5679 -73
5680 -74
5681 -73
5682 -74
5683 -73
5684 -74
5685 -75
5686 -74
5687 -75
5688 -74
5689 -73
5690 -74
5691 -75
5692 -76
5693 -77
5694 -76
5695 -75
5696 -74
5697 -73
5698 -72
5699 -71
5700 -70
5701 -69
5702 -68
5703 -67
5704 -66
5705 -67
5706 -68
5707 -69
5708 -68
5709 -67
5710 -68
5711 -69
5712 -70
5713 -71
5714 -70
5715 -69
5716 -70
5717 -71
5718 -72
5719 -71
5720 -72
5721 -73
5722 -72
5723 -71
5724 -70
5725 -69
5726 -68
5727 -69
5728 -70
5729 -69
5730 -68
5731 -69
5732 -70
5733 -71
5734 -70
5735 -71
5736 -72
5737 -71
5738 -70
5739 -71
5740 -70
5741 -71
5742 -70
5743 -69
5744 -68
5745 -67
5746 -68
5747 -69
5748 -70
5749 -69
5750 -70
5751 -71
5752 -72
5753 -71
5754 -72
5755 -71
5756 -70
5757 -71
5758 -72
5759 -73
5760 -74
5761 -73
5762 -74
5763 -73
5764 -74
5765 -73
5766 -72
5767 -73
5768 -74
5769 -75
5770 -76
5771 -75
5772 -76
5773 -77
5774 -78
5775 -77
5776 -78
5777 -77
5778 -76
5779 -75
5780 -76
5781 -77
5782 -78
5783 -77
5784 -76
5785 -77
5786 -78
5787 -77
5788 -76
5789 -77
5790 -78
5791 -77
5792 -78
5793 -77
5794 -78
5795 -79
5796 -80
5797 -79
5798 -78
5799 -77
5800 -76
5801 -75
5802 -74
5803 -73
5804 -74
5805 -75
5806 -74
5807 -75
5808 -74
5809 -73
5810 -72
5811 -71
5812 -70
5813 -69
5814 -70
5815 -69
5816 -68
5817 -69
5818 -70
5819 -69
5820 -68
5821 -69
5822 -68
5823 -69
5824 -68
5825 -69
5826 -70
5827 -69
5828 -68
5829 -67
5830 -68
5831 -67
5832 -66
5833 -67
5834 -68
5835 -67
5836 -66
5837 -67
5838 -68
5839 -69
5840 -68
5841 -69
5842 -70
5843 -71
5844 -70
5845 -71
5846 -70
5847 -69
5848 -68
5849 -67
5850 -68
5851 -67
5852 -66
5853 -67
5854 -68
5855 -69
5856 -68
5857 -69
5858 -70
5859 -71
5860 -72
5861 -73
5862 -74
5863 -75
5864 -76
5865 -75
5866 -76
5867 -75
5868 -74
5869 -73
5870 -72
5871 -71
5872 -72
5873 -71
5874 -70
5875 -69
5876 -68
5877 -67
5878 -66
5879 -65
5880 -66
5881 -67
5882 -68
5883 -69
5884 -70
5885 -69
5886 -68
5887 -67
5888 -68
5889 -67
5890 -68
5891 -67
5892 -66
5893 -65
5894 -66
5895 -67
5896 -66
5897 -65
5898 -64
5899 -63
5900 -64
5901 -65
5902 -64
5903 -63
5904 -62
5905 -63
5906 -62
5907 -61
5908 -60
5909 -59
5910 -58
5911 -59
5912 -58
5913 -57
5914 -58
5915 -57
5916 -58
5917 -57
5918 -56
5919 -55
5920 -56
5921 -57
5922 -56
5923 -55
5924 -54
5925 -55
5926 -56
5927 -55
5928 -54
5929 -53
5930 -54
5931 -55
5932 -56
5933 -57
5934 -58
5935 -57
5936 -58
5937 -57
5938 -58
5939 -57
5940 -58
5941 -57
5942 -56
5943 -55
5944 -54
5945 -53
5946 -52
5947 -51
5948 -52
5949 -53
5950 -54
5951 -53
5952 -52
5953 -51
5954 -50
5955 -49
5956 -48
5957 -49
5958 -50
5959 -49
5960 -48
5961 -47
5962 -46
5963 -47
5964 -48
5965 -49
5966 -48
5967 -49
5968 -50
5969 -49
5970 -50
5971 -49
5972 -48
5973 -47
5974 -48
5975 -49
5976 -48
5977 -49
5978 -50
5979 -49
5980 -48
5981 -49
5982 -48
5983 -47
5984 -46
5985 -45
5986 -46
5987 -47
5988 -48
5989 -49
5990 -48
5991 -49
5992 -48
5993 -49
5994 -50
5995 -49
5996 -50
5997 -51
5998 -50
5999 -49
6000 -48
6001 -49
6002 -50
6003 -49
6004 -48
6005 -49
6006 -48
6007 -47
6008 -48
6009 -49
6010 -48
6011 -49
6012 -50
6013 -51
6014 -52
6015 -53
6016 -54
6017 -55
6018 -56
6019 -55
6020 -54
6021 -53
6022 -52
6023 -51
6024 -50
6025 -49
6026 -48
6027 -49
6028 -48
6029 -49
6030 -48
6031 -49
6032 -50
6033 -51
6034 -52
6035 -53
6036 -54
6037 -53
6038 -54
6039 -55
6040 -54
6041 -53
6042 -52
6043 -53
6044 -52
6045 -53
6046 -52
6047 -51
6048 -50
6049 -49
6050 -50
6051 -51
6052 -52
6053 -53
6054 -52
6055 -51
6056 -50
6057 -49
6058 -50
6059 -51
6060 -50
6061 -51
6062 -52
6063 -51
6064 -52
6065 -53
6066 -52
6067 -53
6068 -54
6069 -53
6070 -54
6071 -55
6072 -54
6073 -55
6074 -54
6075 -53
6076 -54
6077 -53
6078 -54
6079 -53
6080 -54
6081 -55
6082 -54
6083 -53
6084 -52
6085 -51
6086 -52
6087 -53
6088 -52
6089 -53
6090 -52
6091 -53
6092 -52
6093 -51
6094 -50
6095 -49
6096 -50
6097 -51
6098 -52
6099 -51
6100 -52
6101 -51
6102 -50
6103 -51
6104 -52
6105 -53
6106 -52
6107 -53
6108 -54
6109 -55
6110 -56
6111 -57
6112 -56
6113 -55
6114 -54
6115 -55
6116 -54
6117 -53
6118 -52
6119 -53
6120 -54
6121 -53
6122 -54
6123 -55
6124 -56
6125 -55
6126 -54
6127 -53
6128 -54
6129 -53
6130 -52
6131 -51
6132 -50
6133 -49
6134 -50
6135 -49
6136 -48
6137 -47
6138 -46
6139 -47
6140 -46
6141 -47
6142 -46
6143 -47
6144 -46
6145 -47
6146 -46
6147 -45
6148 -44
6149 -43
6150 -44
6151 -43
6152 -42
6153 -41
6154 -42
6155 -43
6156 -44
6157 -43
6158 -44
6159 -43
6160 -42
6161 -41
6162 -40
6163 -39
6164 -38
6165 -37
6166 -36
6167 -37
6168 -38
6169 -39
6170 -40
6171 -41
6172 -40
6173 -39
6174 -40
6175 -39
6176 -38
6177 -39
6178 -38
6179 -39
6180 -40
6181 -41
6182 -42
6183 -43
6184 -42
6185 -41
6186 -40
6187 -39
6188 -40
6189 -41
6190 -42
6191 -43
6192 -44
6193 -43
6194 -44
6195 -43
6196 -44
6197 -43
6198 -42
6199 -43
6200 -44
6201 -45
6202 -44
6203 -43
6204 -42
6205 -41
6206 -40
6207 -39
6208 -40
6209 -39
6210 -38
6211 -39
6212 -40
6213 -41
6214 -42
6215 -43
6216 -42
6217 -41
6218 -40
6219 -39
6220 -38
6221 -37
6222 -38
6223 -39
6224 -38
6225 -39
6226 -38
6227 -39
6228 -38
6229 -39
6230 -38
6231 -37
6232 -36
6233 -37
6234 -38
6235 -39
6236 -40
6237 -41
6238 -42
6239 -41
6240 -42
6241 -43
6242 -42
6243 -41
6244 -40
6245 -39
6246 -38
6247 -39
6248 -40
6249 -39
6250 -38
6251 -37
6252 -36
6253 -37
6254 -36
6255 -35
6256 -36
6257 -37
6258 -36
6259 -37
6260 -38
6261 -37
6262 -38
6263 -39
6264 -40
6265 -41
6266 -40
6267 -39
6268 -40
6269 -41
6270 -40
6271 -41
6272 -40
6273 -39
6274 -38
6275 -39
6276 -38
6277 -37
6278 -38
6279 -37
6280 -36
6281 -35
6282 -34
6283 -33
6284 -34
6285 -35
6286 -36
6287 -35
6288 -34
6289 -35
6290 -36
6291 -35
6292 -34
6293 -35
6294 -36
6295 -35
6296 -34
6297 -33
6298 -34
6299 -33
6300 -34
6301 -35
6302 -36
6303 -35
6304 -34
6305 -33
6306 -34
6307 -33
6308 -32
6309 -33
6310 -32
6311 -33
6312 -32
6313 -31
6314 -32
6315 -33
6316 -32
6317 -31
6318 -30
6319 -29
6320 -30
6321 -31
6322 -30
6323 -31
6324 -32
6325 -31
6326 -32
6327 -31
6328 -32
6329 -31
6330 -30
6331 -29
6332 -30
6333 -29
6334 -28
6335 -27
6336 -28
6337 -27
6338 -28
6339 -27
6340 -26
6341 -27
6342 -26
6343 -25
6344 -24
6345 -23
6346 -22
6347 -21
6348 -20
6349 -19
6350 -18
6351 -17
6352 -18
6353 -19
6354 -20
6355 -19
6356 -20
6357 -21
6358 -20
6359 -21
6360 -22
6361 -21
6362 -20
6363 -21
6364 -20
6365 -21
6366 -20
6367 -19
6368 -20
6369 -19
6370 -18
6371 -19
6372 -20
6373 -21
6374 -20
6375 -21
6376 -22
6377 -23
6378 -22
6379 -23
6380 -24
6381 -25
6382 -24
6383 -25
6384 -24
6385 -25
6386 -24
6387 -25
6388 -24
6389 -23
6390 -22
6391 -21
6392 -22
6393 -23
6394 -22
6395 -21
6396 -20
6397 -19
6398 -20
6399 -19
6400 -20
6401 -19
6402 -20
6403 -21
6404 -20
6405 -19
6406 -18
6407 -17
6408 -16
6409 -17
6410 -16
6411 -17
6412 -16
6413 -17
6414 -16
6415 -17
6416 -16
6417 -15
6418 -16
6419 -15
6420 -16
6421 -15
6422 -14
6423 -15
6424 -16
6425 -17
6426 -16
6427 -17
6428 -16
6429 -15
6430 -14
6431 -13
6432 -12
6433 -13
6434 -14
6435 -13
6436 -12
6437 -13
6438 -12
6439 -13
6440 -14
6441 -15
6442 -16
6443 -17
6444 -18
6445 -19
6446 -18
6447 -19
6448 -20
6449 -21
6450 -22
6451 -23
6452 -24
6453 -25
6454 -24
6455 -23
6456 -24
6457 -23
6458 -22
6459 -21
6460 -20
6461 -21
6462 -22
6463 -21
6464 -22
6465 -21
6466 -22
6467 -21
6468 -22
6469 -21
6470 -20
6471 -19
6472 -20
6473 -19
6474 -18
6475 -19
6476 -20
6477 -21
6478 -22
6479 -21
6480 -22
6481 -21
6482 -20
6483 -19
6484 -18
6485 -17
6486 -18
6487 -17
6488 -18
6489 -17
6490 -18
6491 -19
6492 -20
6493 -21
6494 -20
6495 -21
6496 -20
6497 -21
6498 -22
6499 -21
6500 -20
6501 -19
6502 -20
6503 -21
6504 -20
6505 -21
6506 -22
6507 -21
6508 -20
6509 -21
6510 -22
6511 -21
6512 -20
6513 -19
6514 -18
6515 -17
6516 -18
6517 -17
6518 -18
6519 -19
6520 -18
6521 -17
6522 -16
6523 -15
6524 -16
6525 -15
6526 -14
6527 -15
6528 -14
6529 -13
6530 -12
6531 -11
6532 -12
6533 -13
6534 -12
6535 -11
6536 -12
6537 -13
6538 -14
6539 -13
6540 -12
6541 -11
6542 -10
6543 -9
6544 -10
6545 -9
6546 -8
6547 -7
6548 -6
6549 -5
6550 -6
6551 -5
6552 -4
6553 -5
6554 -4
6555 -3
6556 -4
6557 -3
6558 -2
6559 -3
6560 -2
6561 -1
6562 -2
6563 -3
6564 -4
6565 -3
6566 -2
6567 -1
6568 -2
6569 -3
6570 -2
6571 -1
6572 -2
6573 -1
6574 -2
6575 -1
6576 0
6577 1
6578 2
6579 1
6580 2
6581 1
6582 0
6583 -1
6584 0
6585 -1
6586 0
6587 -1
6588 0
6589 -1
6590 0
6591 -1
6592 0
6593 1
6594 2
6595 1
6596 2
6597 1
6598 0
6599 1
6600 0
6601 -1
6602 0
6603 1
6604 2
6605 1
6606 2
6607 1
6608 2
6609 3
6610 4
6611 3
6612 4
6613 3
6614 4
6615 5
6616 6
6617 7
6618 8
6619 9
6620 8
6621 9
6622 8
6623 7
6624 6
6625 5
6626 6
6627 5
6628 4
6629 3
6630 4
6631 5
6632 6
6633 7
6634 8
6635 7
6636 6
6637 7
6638 6
6639 7
6640 6
6641 5
6642 6
6643 5
6644 4
6645 3
6646 2
6647 3
6648 2
6649 1
6650 0
6651 1
6652 0
6653 1
6654 0
6655 1
6656 2
6657 1
6658 0
6659 1
6660 2
6661 1
6662 0
6663 1
6664 2
6665 3
6666 2
6667 3
6668 4
6669 5
6670 4
6671 5
6672 4
6673 3
6674 2
6675 1
6676 0
6677 -1
6678 -2
6679 -1
6680 0
6681 -1
6682 0
6683 1
6684 2
6685 3
6686 2
6687 1
6688 2
6689 3
6690 2
6691 3
6692 4
6693 5
6694 6
6695 5
6696 4
6697 3
6698 2
6699 3
6700 2
6701 3
6702 2
6703 1
6704 2
6705 1
6706 2
6707 1
6708 2
6709 3
6710 2
6711 3
6712 4
6713 3
6714 2
6715 1
6716 2
6717 3
6718 2
6719 1
6720 2
6721 1
6722 2
6723 1
6724 0
6725 -1
6726 -2
6727 -1
6728 -2
6729 -3
6730 -4
6731 -5
6732 -4
6733 -5
6734 -6
6735 -5
6736 -4
6737 -3
6738 -2
6739 -1
6740 0
6741 1
6742 0
6743 -1
6744 0
6745 -1
6746 -2
6747 -3
6748 -4
6749 -5
6750 -4
6751 -5
6752 -4
6753 -5
6754 -4
6755 -3
6756 -4
6757 -5
6758 -6
6759 -7
6760 -8
6761 -7
6762 -8
6763 -9
6764 -8
6765 -9
6766 -10
6767 -9
6768 -8
6769 -7
6770 -6
6771 -7
6772 -8
6773 -7
6774 -6
6775 -5
6776 -4
6777 -3
6778 -4
6779 -3
6780 -2
6781 -3
6782 -2
6783 -3
6784 -2
6785 -1
6786 -2
6787 -3
6788 -4
6789 -5
6790 -6
6791 -7
6792 -8
6793 -7
6794 -8
6795 -9
6796 -10
6797 -11
6798 -10
6799 -9
6800 -10
6801 -9
6802 -8
6803 -9
6804 -10
6805 -9
6806 -8
6807 -7
6808 -6
6809 -5
6810 -6
6811 -7
6812 -8
6813 -9
6814 -8
6815 -7
6816 -8
6817 -7
6818 -8
6819 -9
6820 -10
6821 -9
6822 -10
6823 -9
6824 -10
6825 -11
6826 -10
6827 -11
6828 -10
6829 -9
6830 -8
6831 -9
6832 -8
6833 -9
6834 -10
6835 -11
6836 -12
6837 -13
6838 -14
6839 -15
6840 -16
6841 -15
6842 -16
6843 -17
6844 -18
6845 -19
6846 -20
6847 -19
6848 -18
6849 -17
6850 -18
6851 -17
6852 -18
6853 -17
6854 -18
6855 -17
6856 -18
6857 -19
6858 -20
6859 -21
6860 -20
6861 -21
6862 -20
6863 -19
6864 -20
6865 -19
6866 -20
6867 -21
6868 -20
6869 -19
6870 -20
6871 -19
6872 -18
6873 -17
6874 -16
6875 -17
6876 -18
6877 -19
6878 -18
6879 -17
6880 -16
6881 -17
6882 -16
6883 -17
6884 -16
6885 -15
6886 -14
6887 -15
6888 -14
6889 -15
6890 -16
6891 -17
6892 -18
6893 -19
6894 -18
6895 -19
6896 -18
6897 -19
6898 -20
6899 -21
6900 -20
6901 -19
6902 -20
6903 -21
6904 -22
6905 -23
6906 -22
6907 -21
6908 -22
6909 -21
6910 -20
6911 -21
6912 -20
6913 -21
6914 -20
6915 -19
6916 -18
6917 -17
6918 -18
6919 -19
6920 -20
6921 -19
6922 -18
6923 -17
6924 -18
6925 -17
6926 -18
6927 -19
6928 -20
6929 -21
6930 -22
6931 -23
6932 -22
6933 -21
6934 -22
6935 -21
6936 -20
6937 -19
6938 -18
6939 -17
6940 -16
6941 -15
6942 -16
6943 -17
6944 -18
6945 -17
6946 -18
6947 -19
6948 -20
6949 -19
6950 -20
6951 -21
6952 -20
6953 -21
6954 -20
6955 -19
6956 -20
6957 -19
6958 -20
6959 -21
6960 -20
6961 -21
6962 -20
6963 -21
6964 -20
6965 -21
6966 -20
6967 -21
6968 -20
6969 -21
6970 -22
6971 -21
6972 -22
6973 -21
6974 -22
6975 -21
6976 -20
6977 -21
6978 -20
6979 -21
6980 -20
6981 -19
6982 -18
6983 -19
6984 -20
6985 -19
6986 -20
6987 -21
6988 -22
6989 -21
6990 -22
6991 -23
6992 -24
6993 -25
6994 -24
6995 -23
6996 -24
6997 -25
6998 -26
6999 -27
7000 -26
7001 -25
7002 -24
7003 -25
7004 -26
7005 -25
7006 -24
7007 -23
7008 -22
7009 -23
7010 -22
7011 -23
7012 -22
7013 -21
7014 -20
7015 -21
7016 -20
7017 -19
7018 -18
7019 -17
7020 -16
7021 -15
7022 -14
7023 -13
7024 -12
7025 -11
7026 -10
7027 -11
7028 -12
7029 -11
7030 -12
7031 -11
7032 -10
7033 -9
7034 -10
7035 -11
7036 -10
7037 -9
7038 -10
7039 -11
7040 -12
7041 -11
7042 -10
7043 -11
7044 -10
7045 -9
7046 -8
7047 -9
7048 -8
7049 -7
7050 -6
7051 -7
7052 -6
7053 -7
7054 -6
7055 -5
7056 -4
7057 -5
7058 -4
7059 -3
7060 -4
7061 -5
7062 -4
7063 -5
7064 -4
7065 -3
7066 -2
7067 -3
7068 -2
7069 -3
7070 -4
7071 -3
7072 -4
7073 -3
7074 -4
7075 -3
7076 -4
7077 -5
7078 -6
7079 -7
7080 -6
7081 -7
7082 -6
7083 -5
7084 -6
7085 -7
7086 -8
7087 -7
7088 -6
7089 -7
7090 -8
7091 -7
7092 -8
7093 -7
7094 -8
7095 -7
7096 -6
7097 -5
7098 -6
7099 -5
7100 -6
7101 -7
7102 -8
7103 -7
7104 -8
7105 -7
7106 -6
7107 -7
7108 -8
7109 -9
7110 -8
7111 -7
7112 -6
7113 -5
7114 -4
7115 -5
7116 -4
7117 -5
7118 -4
7119 -3
7120 -4
7121 -5
7122 -6
7123 -5
7124 -6
7125 -7
7126 -8
7127 -7
7128 -6
7129 -5
7130 -6
7131 -5
7132 -6
7133 -5
7134 -4
7135 -5
7136 -4
7137 -5
7138 -4
7139 -5
7140 -4
7141 -3
7142 -4
7143 -3
7144 -2
7145 -1
7146 0
7147 -1
7148 0
7149 1
7150 2
7151 1
7152 0
7153 -1
7154 0
7155 1
7156 2
7157 1
7158 2
7159 3
7160 4
7161 5
7162 6
7163 7
7164 6
7165 5
7166 4
7167 5
7168 4
7169 3
7170 4
7171 5
7172 4
7173 5
7174 4
7175 3
7176 2
7177 1
7178 0
7179 1
7180 2
7181 1
7182 0
7183 1
7184 0
7185 -1
7186 0
7187 -1
7188 -2
7189 -3
7190 -2
7191 -3
7192 -2
7193 -3
7194 -4
7195 -3
7196 -4
7197 -5
7198 -4
7199 -5
7200 -6
7201 -7
7202 -8
7203 -9
7204 -10
7205 -11
7206 -10
7207 -9
7208 -8
7209 -7
7210 -8
7211 -7
7212 -8
7213 -9
7214 -8
7215 -9
7216 -10
7217 -9
7218 -10
7219 -11
7220 -12
7221 -13
7222 -12
7223 -11
7224 -10
7225 -11
7226 -10
7227 -11
7228 -12
7229 -11
7230 -10
7231 -11
7232 -10
7233 -11
7234 -12
7235 -11
7236 -10
7237 -9
7238 -8
7239 -7
7240 -8
7241 -9
7242 -8
7243 -9
7244 -8
7245 -7
7246 -8
7247 -9
7248 -10
7249 -11
7250 -12
7251 -11
7252 -10
7253 -11
7254 -10
7255 -11
7256 -12
7257 -13
7258 -14
7259 -13
7260 -12
7261 -11
7262 -12
7263 -13
7264 -12
7265 -11
7266 -12
7267 -11
7268 -12
7269 -13
7270 -14
7271 -15
7272 -14
7273 -13
7274 -12
7275 -13
7276 -12
7277 -13
7278 -12
7279 -13
7280 -14
7281 -13
7282 -14
7283 -15
7284 -14
7285 -13
7286 -12
7287 -11
7288 -10
7289 -11
7290 -12
7291 -13
7292 -12
7293 -13
7294 -12
7295 -13
7296 -12
7297 -11
7298 -12
7299 -11
7300 -12
7301 -13
7302 -14
7303 -15
7304 -14
7305 -13
7306 -14
7307 -13
7308 -14
7309 -15
7310 -14
7311 -15
7312 -14
7313 -13
7314 -14
7315 -15
7316 -14
7317 -15
7318 -16
7319 -17
7320 -18
7321 -19
7322 -18
7323 -19
7324 -20
7325 -21
7326 -22
7327 -21
7328 -22
7329 -23
7330 -24
7331 -23
7332 -24
7333 -23
7334 -22
7335 -21
7336 -20
7337 -21
7338 -22
7339 -23
7340 -22
7341 -21
7342 -22
7343 -23
7344 -22
7345 -21
7346 -22
7347 -23
7348 -22
7349 -23
7350 -22
7351 -21
7352 -20
7353 -19
7354 -18
7355 -17
7356 -16
7357 -15
7358 -16
7359 -15
7360 -14
7361 -15
7362 -14
7363 -13
7364 -12
7365 -11
7366 -12
7367 -11
7368 -10
7369 -9
7370 -10
7371 -9
7372 -10
7373 -11
7374 -10
7375 -9
7376 -10
7377 -11
7378 -10
7379 -11
7380 -12
7381 -13
7382 -12
7383 -13
7384 -14
7385 -13
7386 -12
7387 -11
7388 -10
7389 -11
7390 -12
7391 -11
7392 -10
7393 -11
7394 -10
7395 -11
7396 -10
7397 -11
7398 -12
7399 -13
7400 -12
7401 -11
7402 -10
7403 -11
7404 -10
7405 -9
7406 -10
7407 -11
7408 -10
7409 -11
7410 -12
7411 -11
7412 -10
7413 -9
7414 -8
7415 -9
7416 -10
7417 -11
7418 -10
7419 -11
7420 -12
7421 -13
7422 -12
7423 -13
7424 -12
7425 -13
7426 -12
7427 -13
7428 -14
7429 -15
7430 -16
7431 -15
7432 -14
7433 -15
7434 -16
7435 -17
7436 -18
7437 -19
7438 -18
7439 -19
7440 -18
7441 -17
7442 -18
7443 -17
7444 -18
7445 -17
7446 -18
7447 -17
7448 -18
7449 -17
7450 -16
7451 -15
7452 -14
7453 -15
7454 -14
7455 -13
7456 -12
7457 -11
7458 -10
7459 -9
7460 -10
7461 -9
7462 -10
7463 -11
7464 -10
7465 -9
7466 -8
7467 -9
7468 -8
7469 -9
7470 -8
7471 -7
7472 -6
7473 -7
7474 -8
7475 -7
7476 -8
7477 -7
7478 -8
7479 -7
7480 -6
7481 -5
7482 -6
7483 -7
7484 -8
7485 -9
7486 -10
7487 -9
7488 -10
7489 -11
7490 -12
7491 -11
7492 -12
7493 -11
7494 -12
7495 -13
7496 -12
7497 -11
7498 -12
7499 -13
7500 -14
7501 -13
7502 -14
7503 -15
7504 -16
7505 -15
7506 -16
7507 -15
7508 -14
7509 -13
7510 -14
7511 -15
7512 -14
7513 -15
7514 -16
7515 -17
7516 -16
7517 -17
7518 -18
7519 -19
7520 -18
7521 -19
7522 -20
7523 -21
7524 -22
7525 -21
7526 -20
7527 -19
7528 -18
7529 -17
7530 -16
7531 -17
7532 -18
7533 -17
7534 -16
7535 -15
7536 -14
7537 -15
7538 -14
7539 -13
7540 -12
7541 -13
7542 -12
7543 -11
7544 -10
7545 -9
7546 -10
7547 -9
7548 -8
7549 -9
7550 -8
7551 -7
7552 -6
7553 -7
7554 -6
7555 -7
7556 -8
7557 -9
7558 -10
7559 -11
7560 -10
7561 -9
7562 -8
7563 -7
7564 -6
7565 -7
7566 -8
7567 -9
7568 -8
7569 -9
7570 -8
7571 -9
7572 -10
7573 -9
7574 -10
7575 -11
7576 -12
7577 -13
7578 -12
7579 -13
7580 -14
7581 -13
7582 -14
7583 -15
7584 -16
7585 -15
7586 -14
7587 -13
7588 -14
7589 -13
7590 -12
7591 -11
7592 -10
7593 -9
7594 -8
7595 -9
7596 -10
7597 -9
7598 -10
7599 -11
7600 -12
7601 -11
7602 -10
7603 -9
7604 -8
7605 -9
7606 -10
7607 -11
7608 -12
7609 -13
7610 -14
7611 -15
7612 -16
7613 -15
7614 -16
7615 -15
7616 -14
7617 -15
7618 -16
7619 -15
7620 -14
7621 -13
7622 -14
7623 -13
7624 -14
7625 -13
7626 -12
7627 -11
7628 -10
7629 -11
7630 -10
7631 -11
7632 -10
7633 -9
7634 -10
7635 -9
7636 -10
7637 -11
7638 -12
7639 -13
7640 -12
7641 -13
7642 -12
7643 -11
7644 -10
7645 -11
7646 -12
7647 -13
7648 -14
7649 -15
7650 -16
7651 -15
7652 -16
7653 -15
7654 -14
7655 -13
7656 -12
7657 -13
7658 -14
7659 -13
7660 -14
7661 -15
7662 -14
7663 -13
7664 -12
7665 -13
7666 -12
7667 -13
7668 -12
7669 -13
7670 -12
7671 -13
7672 -14
7673 -15
7674 -16
7675 -17
7676 -18
7677 -19
7678 -20
7679 -19
7680 -18
7681 -17
7682 -16
7683 -15
7684 -16
7685 -15
7686 -14
7687 -15
7688 -14
7689 -13
7690 -14
7691 -15
7692 -14
7693 -13
7694 -12
7695 -13
7696 -14
7697 -15
7698 -16
7699 -15
7700 -16
7701 -17
7702 -18
7703 -19
7704 -18
7705 -19
7706 -18
7707 -17
7708 -18
7709 -19
7710 -20
7711 -21
7712 -20
7713 -19
7714 -18
7715 -17
7716 -18
7717 -17
7718 -16
7719 -17
7720 -16
7721 -15
7722 -16
7723 -17
7724 -18
7725 -19
7726 -20
7727 -21
7728 -22
7729 -21
7730 -20
7731 -19
7732 -20
7733 -19
7734 -20
7735 -19
7736 -18
7737 -17
7738 -18
7739 -19
7740 -20
7741 -19
7742 -18
7743 -17
7744 -16
7745 -17
7746 -16
7747 -15
7748 -14
7749 -13
7750 -12
7751 -11
7752 -10
7753 -9
7754 -8
7755 -9
7756 -10
7757 -11
7758 -10
7759 -9
7760 -8
7761 -7
7762 -6
7763 -5
7764 -6
7765 -5
7766 -6
7767 -5
7768 -6
7769 -5
7770 -4
7771 -3
7772 -4
7773 -5
7774 -6
7775 -7
7776 -6
7777 -5
7778 -6
7779 -7
7780 -8
7781 -9
7782 -10
7783 -11
7784 -10
7785 -9
7786 -8
7787 -9
7788 -8
7789 -7
7790 -6
7791 -5
7792 -4
7793 -3
7794 -4
7795 -5
7796 -6
7797 -5
7798 -4
7799 -5
7800 -6
7801 -7
7802 -6
7803 -7
7804 -8
7805 -9
7806 -8
7807 -9
7808 -8
7809 -9
7810 -10
7811 -11
7812 -12
7813 -11
7814 -10
7815 -9
7816 -8
7817 -9
7818 -10
7819 -9
7820 -10
7821 -11
7822 -12
7823 -13
7824 -12
7825 -13
7826 -14
7827 -13
7828 -12
7829 -11
7830 -12
7831 -13
7832 -14
7833 -15
7834 -16
7835 -17
7836 -18
7837 -19
7838 -18
7839 -17
7840 -18
7841 -19
7842 -18
7843 -19
7844 -20
7845 -19
7846 -20
7847 -21
7848 -20
7849 -21
7850 -20
7851 -21
7852 -22
7853 -21
7854 -20
7855 -19
7856 -18
7857 -19
7858 -18
7859 -19
7860 -20
7861 -21
7862 -20
7863 -21
7864 -20
7865 -21
7866 -22
7867 -21
7868 -20
7869 -19
7870 -20
7871 -21
7872 -20
7873 -19
7874 -20
7875 -19
7876 -20
7877 -19
7878 -20
7879 -19
7880 -18
7881 -19
7882 -18
7883 -19
7884 -18
7885 -19
7886 -20
7887 -19
7888 -20
7889 -21
7890 -22
7891 -21
7892 -20
7893 -19
7894 -20
7895 -21
7896 -22
7897 -23
7898 -22
7899 -21
7900 -20
7901 -21
7902 -22
7903 -21
7904 -20
7905 -21
7906 -20
7907 -19
7908 -20
7909 -21
7910 -20
7911 -21
7912 -20
7913 -19
7914 -18
7915 -17
7916 -18
7917 -19
7918 -18
7919 -17
7920 -18
7921 -19
7922 -20
7923 -19
7924 -18
7925 -19
7926 -18
7927 -19
7928 -18
7929 -17
7930 -16
7931 -17
7932 -18
7933 -17
7934 -18
7935 -17
7936 -18
7937 -17
7938 -18
7939 -19
7940 -18
7941 -19
7942 -18
7943 -19
7944 -18
7945 -17
7946 -18
7947 -19
7948 -20
7949 -21
7950 -20
7951 -21
7952 -22
7953 -23
7954 -22
7955 -23
7956 -24
7957 -23
7958 -24
7959 -25
7960 -26
7961 -27
7962 -28
7963 -27
7964 -28
7965 -29
7966 -28
7967 -29
7968 -30
7969 -29
7970 -30
7971 -29
7972 -30
7973 -29
7974 -30
7975 -29
7976 -28
7977 -27
7978 -28
7979 -27
7980 -28
7981 -29
7982 -30
7983 -31
7984 -30
7985 -31
7986 -30
7987 -31
7988 -30
7989 -29
7990 -30
7991 -29
7992 -30
7993 -29
7994 -30
7995 -29
7996 -30
7997 -31
7998 -32
7999 -33
8000 -34
8001 -35
8002 -36
8003 -37
8004 -38
8005 -39
8006 -38
8007 -37
8008 -36
8009 -35
8010 -36
8011 -35
8012 -34
8013 -33
8014 -32
8015 -31
8016 -32
8017 -31
8018 -30
8019 -31
8020 -30
8021 -29
8022 -30
8023 -31
8024 -30
8025 -31
8026 -30
8027 -29
8028 -28
8029 -27
8030 -26
8031 -25
8032 -24
8033 -23
8034 -22
8035 -21
8036 -20
8037 -19
8038 -18
8039 -17
8040 -16
8041 -15
8042 -14
8043 -13
8044 -12
8045 -13
8046 -14
8047 -15
8048 -16
8049 -17
8050 -18
8051 -19
8052 -20
8053 -21
8054 -22
8055 -23
8056 -24
8057 -23
8058 -24
8059 -25
8060 -26
8061 -25
8062 -26
8063 -25
8064 -26
8065 -27
8066 -26
8067 -27
8068 -28
8069 -27
8070 -28
8071 -27
8072 -28
8073 -29
8074 -30
8075 -31
8076 -32
8077 -31
8078 -30
8079 -31
8080 -32
8081 -33
8082 -32
8083 -33
8084 -32
8085 -33
8086 -32
8087 -31
8088 -30
8089 -31
8090 -30
8091 -29
8092 -30
8093 -29
8094 -28
8095 -29
8096 -30
8097 -29
8098 -28
8099 -29
8100 -28
8101 -27
8102 -28
8103 -29
8104 -28
8105 -27
8106 -26
8107 -25
8108 -24
8109 -23
8110 -22
8111 -21
8112 -20
8113 -19
8114 -18
8115 -17
8116 -18
8117 -17
8118 -16
8119 -17
8120 -16
8121 -15
8122 -14
8123 -13
8124 -14
8125 -13
8126 -12
8127 -13
8128 -14
8129 -15
8130 -14
8131 -13
8132 -12
8133 -11
8134 -12
8135 -11
8136 -12
8137 -13
8138 -12
8139 -11
8140 -10
8141 -11
8142 -12
8143 -11
8144 -10
8145 -9
8146 -8
8147 -7
8148 -6
8149 -5
8150 -6
8151 -5
8152 -6
8153 -7
8154 -8
8155 -7
8156 -6
8157 -7
8158 -8
8159 -9
8160 -8
8161 -9
8162 -8
8163 -7
8164 -6
8165 -7
8166 -6
8167 -7
8168 -6
8169 -5
8170 -6
8171 -7
8172 -6
8173 -7
8174 -8
8175 -7
8176 -6
8177 -5
8178 -4
8179 -5
8180 -6
8181 -7
8182 -6
8183 -5
8184 -6
8185 -7
8186 -6
8187 -5
8188 -6
8189 -7
8190 -6
8191 -7
8192 -6
8193 -5
8194 -4
8195 -3
8196 -2
8197 -3
8198 -4
8199 -3
8200 -2
8201 -1
8202 0
8203 1
8204 0
8205 -1
8206 -2
8207 -1
8208 -2
8209 -3
8210 -2
8211 -1
8212 -2
8213 -1
8214 0
8215 1
8216 2
8217 3
8218 4
8219 5
8220 6
8221 5
8222 6
8223 5
8224 4
8225 5
8226 6
8227 5
8228 6
8229 7
8230 6
8231 7
8232 8
8233 7
8234 8
8235 9
8236 10
8237 11
8238 12
8239 13
8240 14
8241 13
8242 12
8243 11
8244 10
8245 9
8246 10
8247 9
8248 8
8249 9
8250 8
8251 9
8252 8
8253 7
8254 8
8255 7
8256 8
8257 9
8258 8
8259 9
8260 10
8261 9
8262 8
8263 7
8264 6
8265 7
8266 6
8267 7
8268 6
8269 5
8270 6
8271 5
8272 4
8273 5
8274 6
8275 7
8276 6
8277 5
8278 4
8279 3
8280 4
8281 5
8282 6
8283 5
8284 6
8285 7
8286 6
8287 7
8288 6
8289 7
8290 8
8291 9
8292 8
8293 9
8294 10
8295 9
8296 10
8297 11
8298 12
8299 11
8300 12
8301 11
8302 10
8303 9
8304 10
8305 11
8306 10
8307 11
8308 12
8309 13
8310 14
8311 13
8312 12
8313 11
8314 10
8315 11
8316 10
8317 11
8318 10
8319 9
8320 10
8321 11
8322 12
8323 13
8324 14
8325 13
8326 12
8327 13
8328 14
8329 13
8330 12
8331 11
8332 12
8333 13
8334 14
8335 13
8336 14
8337 15
8338 14
8339 13
8340 12
8341 13
8342 12
8343 13
8344 12
8345 11
8346 10
8347 9
8348 10
8349 9
8350 8
8351 9
8352 10
8353 11
8354 12
8355 13
8356 14
8357 13
8358 12
8359 11
8360 12
8361 11
8362 10
8363 11
8364 12
8365 13
8366 14
8367 15
8368 16
8369 15
8370 16
8371 17
8372 18
8373 17
8374 18
8375 17
8376 16
8377 17
8378 18
8379 19
8380 20
8381 21
8382 22
8383 21
8384 20
8385 21
8386 20
8387 21
8388 22
8389 21
8390 20
8391 19
8392 18
8393 17
8394 18
8395 19
8396 20
8397 19
8398 18
8399 19
8400 20
8401 19
8402 18
8403 19
8404 20
8405 21
8406 20
8407 21
8408 22
8409 21
8410 20
8411 19
8412 20
8413 19
8414 18
8415 19
8416 20
8417 21
8418 22
8419 23
8420 22
8421 23
8422 24
8423 23
8424 24
8425 23
8426 22
8427 23
8428 22
8429 21
8430 22
8431 21
8432 20
8433 21
8434 22
8435 21
8436 22
8437 21
8438 22
8439 23
8440 22
8441 21
8442 20
8443 21
8444 22
8445 23
8446 24
8447 23
8448 24
8449 23
8450 24
8451 23
8452 24
8453 23
8454 22
8455 21
8456 20
8457 21
8458 22
8459 21
8460 20
8461 21
8462 20
8463 21
8464 20
8465 19
8466 18
8467 19
8468 20
8469 19
8470 20
8471 19
8472 18
8473 17
8474 16
8475 17
8476 16
8477 17
8478 18
8479 17
8480 18
8481 17
8482 16
8483 15
8484 16
8485 17
8486 18
8487 19
8488 20
8489 21
8490 22
8491 21
8492 20
8493 21
8494 20
8495 21
8496 20
8497 19
8498 20
8499 19
8500 20
8501 19
8502 18
8503 17
8504 18
8505 19
8506 20
8507 19
8508 20
8509 21
8510 20
8511 21
8512 20
8513 19
8514 18
8515 17
8516 18
8517 17
8518 16
8519 17
8520 18
8521 17
8522 18
8523 19
8524 20
8525 21
8526 22
8527 21
8528 20
8529 21
8530 20
8531 19
8532 18
8533 19
8534 18
8535 17
8536 16
8537 15
8538 16
8539 15
8540 14
8541 13
8542 14
8543 15
8544 16
8545 17
8546 18
8547 17
8548 16
8549 17
8550 16
8551 15
8552 14
8553 13
8554 14
8555 13
8556 12
8557 11
8558 10
8559 9
8560 8
8561 9
8562 10
8563 11
8564 10
8565 9
8566 8
8567 7
8568 6
8569 7
8570 6
8571 7
8572 8
8573 9
8574 8
8575 9
8576 10
8577 11
8578 10
8579 9
8580 10
8581 11
8582 12
8583 11
8584 10
8585 9
8586 10
8587 9
8588 10
8589 9
8590 8
8591 7
8592 8
8593 9
8594 10
8595 9
8596 10
8597 9
8598 10
8599 9
8600 8
8601 7
8602 8
8603 9
8604 8
8605 9
8606 8
8607 9
8608 8
8609 7
8610 6
8611 7
8612 8
8613 7
8614 6
8615 5
8616 6
8617 5
8618 4
8619 3
8620 4
8621 5
8622 6
8623 5
8624 4
8625 5
8626 4
8627 3
8628 4
8629 3
8630 2
8631 3
8632 2
8633 3
8634 4
8635 3
8636 4
8637 5
8638 4
8639 3
8640 2
8641 1
8642 0
8643 1
8644 0
8645 -1
8646 0
8647 -1
8648 -2
8649 -1
8650 -2
8651 -1
8652 0
8653 -1
8654 0
8655 1
8656 0
8657 -1
8658 -2
8659 -3
8660 -4
8661 -3
8662 -2
8663 -1
8664 -2
8665 -1
8666 -2
8667 -1
8668 -2
8669 -1
8670 -2
8671 -1
8672 0
8673 -1
8674 0
8675 -1
8676 0
8677 -1
8678 0
8679 1
8680 0
8681 1
8682 2
8683 3
8684 2
8685 1
8686 2
8687 3
8688 4
8689 3
8690 2
8691 3
8692 4
8693 3
8694 4
8695 5
8696 4
8697 3
8698 4
8699 5
8700 6
8701 5
8702 6
8703 5
8704 6
8705 7
8706 6
8707 5
8708 4
8709 3
8710 4
8711 5
8712 4
8713 5
8714 4
8715 5
8716 4
8717 3
8718 4
8719 5
8720 6
8721 7
8722 6
8723 5
8724 4
8725 3
8726 2
8727 3
8728 4
8729 5
8730 6
8731 7
8732 6
8733 7
8734 6
8735 5
8736 4
8737 5
8738 6
8739 7
8740 8
8741 7
8742 8
8743 9
8744 10
8745 9
8746 10
8747 11
8748 12
8749 13
8750 12
8751 13
8752 14
8753 13
8754 14
8755 15
8756 14
8757 15
8758 14
8759 15
8760 14
8761 13
8762 14
8763 15
8764 14
8765 13
8766 14
8767 15
8768 16
8769 15
8770 14
8771 13
8772 12
8773 13
8774 12
8775 11
8776 12
8777 11
8778 12
8779 13
8780 14
8781 13
8782 12
8783 11
8784 12
8785 11
8786 10
8787 11
8788 12
8789 11
8790 12
8791 11
8792 10
8793 9
8794 8
8795 7
8796 6
8797 5
8798 4
8799 5
8800 6
8801 5
8802 4
8803 5
8804 4
8805 5
8806 4
8807 3
8808 2
8809 3
8810 4
8811 5
8812 4
8813 3
8814 2
8815 1
8816 0
8817 -1
8818 -2
8819 -3
8820 -4
8821 -3
8822 -2
8823 -1
8824 0
8825 1
8826 2
8827 1
8828 0
8829 1
8830 2
8831 1
8832 2
8833 3
8834 2
8835 3
8836 4
8837 3
8838 2
8839 3
8840 4
8841 5
8842 4
8843 3
8844 4
8845 3
8846 2
8847 1
8848 0
8849 1
8850 0
8851 1
8852 2
8853 1
8854 2
8855 3
8856 4
8857 5
8858 4
8859 5
8860 4
8861 3
8862 4
8863 3
8864 2
8865 3
8866 2
8867 3
8868 2
8869 3
8870 2
8871 3
8872 2
8873 3
8874 4
8875 3
8876 2
8877 3
8878 2
8879 3
8880 2
8881 1
8882 0
8883 -1
8884 0
8885 1
8886 2
8887 1
8888 0
8889 -1
8890 -2
8891 -3
8892 -4
8893 -5
8894 -4
8895 -5
8896 -4
8897 -3
8898 -4
8899 -5
8900 -4
8901 -5
8902 -4
8903 -5
8904 -4
8905 -5
8906 -4
8907 -5
8908 -6
8909 -7
8910 -8
8911 -9
8912 -8
8913 -7
8914 -6
8915 -7
8916 -8
8917 -9
8918 -8
8919 -7
8920 -8
8921 -9
8922 -8
8923 -9
8924 -10
8925 -9
8926 -10
8927 -11
8928 -12
8929 -11
8930 -10
8931 -11
8932 -10
8933 -11
8934 -10
8935 -11
8936 -12
8937 -13
8938 -12
8939 -13
8940 -12
8941 -11
8942 -12
8943 -11
8944 -12
8945 -11
8946 -10
8947 -9
8948 -10
8949 -9
8950 -10
8951 -11
8952 -10
8953 -9
8954 -10
8955 -11
8956 -10
8957 -9
8958 -8
8959 -7
8960 -8
8961 -7
8962 -6
8963 -5
8964 -4
8965 -5
8966 -6
8967 -7
8968 -6
8969 -5
8970 -6
8971 -5
8972 -6
8973 -7
8974 -6
8975 -7
8976 -8
8977 -7
8978 -8
8979 -9
8980 -10
8981 -11
8982 -10
8983 -9
8984 -8
8985 -7
8986 -6
8987 -5
8988 -6
8989 -5
8990 -4
8991 -3
8992 -4
8993 -5
8994 -4
8995 -5
8996 -4
8997 -5
8998 -4
8999 -5
9000 -6
9001 -5
9002 -4
9003 -5
9004 -4
9005 -5
9006 -6
9007 -7
9008 -6
9009 -5
9010 -4
9011 -5
9012 -4
9013 -5
9014 -6
9015 -7
9016 -6
9017 -5
9018 -4
9019 -3
9020 -2
9021 -1
9022 0
9023 -1
9024 0
9025 -1
9026 -2
9027 -3
9028 -2
9029 -3
9030 -4
9031 -5
9032 -6
9033 -7
9034 -8
9035 -9
9036 -8
9037 -9
9038 -8
9039 -7
9040 -6
9041 -5
9042 -6
9043 -5
9044 -6
9045 -7
9046 -6
9047 -7
9048 -6
9049 -7
9050 -8
9051 -7
9052 -6
9053 -7
9054 -6
9055 -7
9056 -6
9057 -7
9058 -8
9059 -9
9060 -8
9061 -9
9062 -10
9063 -9
9064 -8
9065 -7
9066 -6
9067 -5
9068 -6
9069 -5
9070 -6
9071 -5
9072 -6
9073 -7
9074 -8
9075 -7
9076 -6
9077 -7
9078 -8
9079 -9
9080 -10
9081 -11
9082 -10
9083 -9
9084 -10
9085 -9
9086 -10
9087 -9
9088 -8
9089 -9
9090 -8
9091 -9
9092 -10
9093 -11
9094 -10
9095 -11
9096 -12
9097 -11
9098 -12
9099 -13
9100 -12
9101 -13
9102 -14
9103 -13
9104 -14
9105 -15
9106 -14
9107 -15
9108 -16
9109 -17
9110 -16
9111 -15
9112 -16
9113 -15
9114 -14
9115 -13
9116 -12
9117 -13
9118 -12
9119 -11
9120 -12
9121 -13
9122 -14
9123 -15
9124 -14
9125 -15
9126 -16
9127 -15
9128 -14
9129 -13
9130 -12
9131 -13
9132 -14
9133 -13
9134 -14
9135 -15
9136 -14
9137 -15
9138 -14
9139 -15
9140 -16
9141 -17
9142 -16
9143 -17
9144 -16
9145 -15
9146 -16
9147 -17
9148 -16
9149 -17
9150 -16
9151 -15
9152 -16
9153 -17
9154 -18
9155 -19
9156 -18
9157 -19
9158 -18
9159 -17
9160 -18
9161 -19
9162 -18
9163 -19
9164 -20
9165 -19
9166 -20
9167 -19
9168 -18
9169 -19
9170 -20
9171 -19
9172 -18
9173 -19
9174 -18
9175 -19
9176 -18
9177 -17
9178 -16
9179 -17
9180 -18
9181 -19
9182 -18
9183 -17
9184 -18
9185 -17
9186 -18
9187 -19
9188 -20
9189 -21
9190 -22
9191 -23
9192 -24
9193 -25
9194 -26
9195 -27
9196 -28
9197 -27
9198 -28
9199 -29
9200 -30
9201 -31
9202 -30
9203 -29
9204 -28
9205 -27
9206 -28
9207 -29
9208 -30
9209 -29
9210 -28
9211 -29
9212 -30
9213 -31
9214 -30
9215 -31
9216 -30
9217 -31
9218 -32
9219 -31
9220 -32
9221 -33
9222 -32
9223 -33
9224 -34
9225 -35
9226 -34
9227 -33
9228 -34
9229 -33
9230 -32
9231 -31
9232 -32
9233 -31
9234 -32
9235 -33
9236 -34
9237 -35
9238 -36
9239 -37
9240 -36
9241 -35
9242 -34
9243 -33
9244 -34
9245 -33
9246 -32
9247 -31
9248 -30
9249 -29
9250 -28
9251 -29
9252 -30
9253 -31
9254 -30
9255 -31
9256 -32
9257 -33
9258 -34
9259 -33
9260 -32
9261 -33
9262 -32
9263 -33
9264 -32
9265 -31
9266 -32
9267 -31
9268 -30
9269 -31
9270 -32
9271 -31
9272 -30
9273 -29
9274 -28
9275 -29
9276 -28
9277 -29
9278 -28
9279 -29
9280 -28
9281 -27
9282 -28
9283 -29
9284 -30
9285 -29
9286 -28
9287 -29
9288 -30
9289 -31
9290 -30
9291 -29
9292 -30
9293 -31
9294 -32
9295 -31
9296 -30
9297 -29
9298 -30
9299 -29
9300 -28
9301 -27
9302 -26
9303 -25
9304 -24
9305 -23
9306 -22
9307 -21
9308 -22
9309 -21
9310 -20
9311 -19
9312 -18
9313 -19
9314 -18
9315 -19
9316 -20
9317 -19
9318 -18
9319 -19
9320 -18
9321 -17
9322 -16
9323 -17
9324 -16
9325 -15
9326 -14
9327 -13
9328 -12
9329 -11
9330 -10
9331 -9
9332 -10
9333 -11
9334 -10
9335 -9
9336 -8
9337 -7
9338 -6
9339 -7
9340 -6
9341 -7
9342 -8
9343 -7
9344 -8
9345 -7
9346 -6
9347 -7
9348 -8
9349 -9
9350 -10
9351 -9
9352 -10
9353 -9
9354 -8
9355 -9
9356 -8
9357 -9
9358 -8
9359 -9
9360 -8
9361 -9
9362 -10
9363 -11
9364 -10
9365 -9
9366 -8
9367 -7
9368 -6
9369 -7
9370 -8
9371 -7
9372 -6
9373 -7
9374 -8
9375 -7
9376 -6
9377 -5
9378 -4
9379 -5
9380 -6
9381 -7
9382 -6
9383 -7
9384 -8
9385 -9
9386 -8
9387 -9
9388 -10
9389 -11
9390 -10
9391 -9
9392 -8
9393 -7
9394 -8
9395 -9
9396 -8
9397 -9
9398 -10
9399 -11
9400 -10
9401 -9
9402 -10
9403 -9
9404 -10
9405 -9
9406 -10
9407 -11
9408 -12
9409 -11
9410 -12
9411 -11
9412 -10
9413 -11
9414 -10
9415 -9
9416 -10
9417 -11
9418 -12
9419 -13
9420 -12
9421 -11
9422 -12
9423 -11
9424 -10
9425 -9
9426 -10
9427 -9
9428 -10
9429 -11
9430 -12
9431 -13
9432 -12
9433 -11
9434 -10
9435 -11
9436 -12
9437 -11
9438 -12
9439 -13
9440 -14
9441 -15
9442 -16
9443 -15
9444 -14
9445 -15
9446 -14
9447 -15
9448 -14
9449 -15
9450 -14
9451 -15
9452 -16
9453 -17
9454 -18
9455 -17
9456 -16
9457 -15
9458 -16
9459 -15
9460 -14
9461 -13
9462 -14
9463 -15
9464 -14
9465 -13
9466 -14
9467 -13
9468 -14
9469 -15
9470 -14
9471 -13
9472 -12
9473 -13
9474 -14
9475 -15
9476 -16
9477 -17
9478 -16
9479 -15
9480 -14
9481 -15
9482 -16
9483 -15
9484 -14
9485 -13
9486 -12
9487 -11
9488 -10
9489 -11
9490 -10
9491 -11
9492 -10
9493 -9
9494 -10
9495 -11
9496 -10
9497 -11
9498 -10
9499 -11
9500 -10
9501 -11
9502 -12
9503 -11
9504 -10
9505 -11
9506 -10
9507 -11
9508 -12
9509 -11
9510 -12
9511 -11
9512 -10
9513 -11
9514 -10
9515 -9
9516 -8
9517 -7
9518 -6
9519 -5
9520 -6
9521 -5
9522 -4
9523 -5
9524 -6
9525 -7
9526 -6
9527 -5
9528 -4
9529 -3
9530 -4
9531 -5
9532 -4
9533 -3
9534 -4
9535 -5
9536 -4
9537 -5
9538 -6
9539 -5
9540 -6
9541 -7
9542 -8
9543 -9
9544 -10
9545 -11
9546 -12
9547 -13
9548 -12
9549 -13
9550 -12
9551 -11
9552 -10
9553 -9
9554 -10
9555 -11
9556 -12
9557 -13
9558 -14
9559 -13
9560 -12
9561 -11
9562 -12
9563 -13
9564 -14
9565 -13
9566 -14
9567 -15
9568 -16
9569 -15
9570 -16
9571 -15
9572 -14
9573 -13
9574 -12
9575 -13
9576 -14
9577 -15
9578 -14
9579 -15
9580 -14
9581 -15
9582 -16
9583 -15
9584 -16
9585 -15
9586 -16
9587 -17
9588 -16
9589 -17
9590 -18
9591 -17
9592 -18
9593 -17
9594 -16
9595 -15
9596 -16
9597 -15
9598 -14
9599 -15
9600 -16
9601 -17
9602 -16
9603 -15
9604 -16
9605 -15
9606 -14
9607 -13
9608 -14
9609 -13
9610 -14
9611 -15
9612 -14
9613 -13
9614 -12
9615 -11
9616 -12
9617 -11
9618 -12
9619 -13
9620 -12
9621 -13
9622 -12
9623 -11
9624 -12
9625 -13
9626 -12
9627 -11
9628 -12
9629 -13
9630 -12
9631 -11
9632 -10
9633 -9
9634 -10
9635 -11
9636 -12
9637 -11
9638 -12
9639 -13
9640 -12
9641 -11
9642 -10
9643 -11
9644 -12
9645 -11
9646 -12
9647 -13
9648 -14
9649 -13
9650 -12
9651 -13
9652 -14
9653 -15
9654 -14
9655 -15
9656 -14
9657 -15
9658 -14
9659 -15
9660 -16
9661 -15
9662 -14
9663 -13
9664 -12
9665 -13
9666 -14
9667 -15
9668 -16
9669 -15
9670 -14
9671 -13
9672 -12
9673 -11
9674 -12
9675 -13
9676 -14
9677 -13
9678 -12
9679 -11
9680 -10
9681 -11
9682 -12
9683 -13
9684 -12
9685 -11
9686 -10
9687 -11
9688 -12
9689 -13
9690 -12
9691 -11
9692 -10
9693 -9
9694 -10
9695 -11
9696 -10
9697 -11
9698 -10
9699 -11
9700 -12
9701 -11
9702 -12
9703 -11
9704 -10
9705 -9
9706 -10
9707 -11
9708 -10
9709 -11
9710 -10
9711 -9
9712 -8
9713 -7
9714 -6
9715 -5
9716 -6
9717 -7
9718 -6
9719 -7
9720 -6
9721 -5
9722 -4
9723 -3
9724 -2
9725 -1
9726 0
9727 -1
9728 0
9729 1
9730 2
9731 1
9732 2
9733 3
9734 2
9735 1
9736 2
9737 3
9738 2
9739 3
9740 2
9741 3
9742 4
9743 3
9744 4
9745 3
9746 4
9747 5
9748 4
9749 3
9750 2
9751 3
9752 2
9753 3
9754 2
9755 3
9756 2
9757 1
9758 2
9759 3
9760 4
9761 5
9762 4
9763 3
9764 4
9765 5
9766 4
9767 3
9768 2
9769 3
9770 4
9771 3
9772 2
9773 3
9774 4
9775 3
9776 2
9777 1
9778 0
9779 -1
9780 0
9781 -1
9782 -2
9783 -3
9784 -4
9785 -5
9786 -6
9787 -5
9788 -4
9789 -5
9790 -6
9791 -5
9792 -4
9793 -3
9794 -4
9795 -3
9796 -2
9797 -3
9798 -4
9799 -5
9800 -6
9801 -5
9802 -6
9803 -7
9804 -6
9805 -7
9806 -6
9807 -5
9808 -4
9809 -5
9810 -4
9811 -5
9812 -6
9813 -7
9814 -6
9815 -5
9816 -4
9817 -3
9818 -4
9819 -3
9820 -2
9821 -1
9822 0
9823 1
9824 2
9825 1
9826 0
9827 1
9828 0
9829 1
9830 2
9831 3
9832 4
9833 5
9834 4
9835 3
9836 4
9837 5
9838 6
9839 7
9840 8
9841 7
9842 8
9843 7
9844 8
9845 7
9846 6
9847 5
9848 4
9849 3
9850 2
9851 1
9852 0
9853 -1
9854 -2
9855 -3
9856 -2
9857 -1
9858 0
9859 -1
9860 -2
9861 -3
9862 -2
9863 -1
9864 0
9865 1
9866 2
9867 3
9868 2
9869 3
9870 2
9871 1
9872 0
9873 -1
9874 -2
9875 -1
9876 -2
9877 -1
9878 0
9879 -1
9880 0
9881 1
9882 2
9883 3
9884 4
9885 3
9886 4
9887 3
9888 4
9889 3
9890 2
9891 3
9892 4
9893 5
9894 4
9895 5
9896 4
9897 3
9898 4
9899 5
9900 4
9901 5
9902 6
9903 5
9904 6
9905 7
9906 8
9907 9
9908 10
9909 11
9910 10
9911 11
9912 10
9913 9
9914 8
9915 7
9916 6
9917 7
9918 6
9919 5
9920 6
9921 5
9922 6
9923 7
9924 6
9925 5
9926 4
9927 5
9928 4
9929 5
9930 6
9931 7
9932 8
9933 9
9934 8
9935 7
9936 8
9937 9
9938 10
9939 9
9940 10
9941 9
9942 8
9943 7
9944 8
9945 9
9946 8
9947 9
9948 10
9949 9
9950 10
9951 9
9952 10
9953 11
9954 10
9955 9
9956 8
9957 7
9958 8
9959 7
9960 8
9961 9
9962 8
9963 7
9964 6
9965 5
9966 4
9967 3
9968 4
9969 3
9970 2
9971 3
9972 4
9973 3
9974 2
9975 3
9976 2
9977 3
9978 4
9979 3
9980 4
9981 3
9982 2
9983 1
9984 0
9985 -1
9986 -2
9987 -1
9988 -2
9989 -1
9990 0
9991 -1
9992 0
9993 1
9994 2
9995 1
9996 2
9997 3
9998 2
9999 1
10000 2
