1 -1
2 -2
3 -3
4 -3
5 -3
6 -3
7 -3
8 -3
9 -3
10 -4
11 -5
12 -5
13 -5
14 -5
15 -5
16 -5
17 -5
18 -5
19 -5
20 -5
21 -5
22 -6
23 -6
24 -6
25 -7
26 -8
27 -9
28 -10
29 -11
30 -12
31 -12
32 -12
33 -13
34 -13
35 -13
36 -13
37 -13
38 -13
39 -13
40 -13
41 -13
42 -13
43 -13
44 -13
45 -13
46 -13
47 -13
48 -13
49 -13
50 -13
51 -13
52 -13
53 -13
54 -13
55 -13
56 -13
57 -13
58 -13
59 -13
60 -13
61 -13
62 -13
63 -13
64 -13
65 -13
66 -13
67 -13
68 -13
69 -13
70 -13
71 -13
72 -13
73 -13
74 -13
75 -13
76 -13
77 -13
78 -13
79 -13
80 -13
81 -13
82 -13
83 -13
84 -13
85 -13
86 -13
87 -13
88 -13
89 -13
90 -13
91 -13
92 -13
93 -13
94 -13
95 -13
96 -13
97 -13
98 -13
99 -13
100 -13
101 -13
102 -13
103 -13
104 -13
105 -13
106 -13
107 -13
108 -13
109 -13
110 -13
111 -13
112 -13
113 -13
114 -13
115 -13
116 -13
117 -13
118 -13
119 -13
120 -13
121 -13
122 -13
123 -13
124 -13
125 -13
126 -13
127 -13
128 -13
129 -13
130 -13
131 -13
132 -13
133 -13
134 -13
135 -13
136 -13
137 -13
138 -13
139 -13
140 -13
141 -13
142 -13
143 -13
144 -13
145 -13
146 -13
147 -13
148 -13
149 -13
150 -13
151 -13
152 -13
153 -13
154 -13
155 -13
156 -13
157 -13
158 -13
159 -13
160 -13
161 -13
162 -13
163 -13
164 -13
165 -13
166 -13
167 -13
168 -13
169 -13
170 -13
171 -13
172 -13
173 -13
174 -13
175 -13
176 -13
177 -13
178 -13
179 -13
180 -13
181 -13
182 -13
183 -13
184 -13
185 -13
186 -13
187 -13
188 -13
189 -13
190 -13
191 -13
192 -13
193 -13
194 -13
195 -13
196 -13
197 -13
198 -13
199 -13
200 -13
201 -13
202 -13
203 -13
204 -13
205 -13
206 -13
207 -13
208 -13
209 -13
210 -13
211 -13
212 -13
213 -13
214 -13
215 -13
216 -13
217 -13
218 -13
219 -13
220 -13
221 -13
222 -13
223 -13
224 -13
225 -13
226 -13
227 -13
228 -13
229 -13
230 -13
231 -13
232 -13
233 -13
234 -13
235 -13
236 -13
237 -13
238 -13
239 -13
240 -13
241 -13
242 -13
243 -13
244 -13
245 -13
246 -13
247 -13
248 -13
249 -13
250 -13
251 -13
252 -13
253 -13
254 -13
255 -13
256 -13
257 -13
258 -13
259 -13
260 -13
261 -13
262 -13
263 -13
264 -13
265 -13
266 -13
267 -13
268 -13
269 -13
270 -13
271 -13
272 -13
273 -13
274 -13
275 -13
276 -13
277 -13
278 -13
279 -13
280 -13
281 -13
282 -13
283 -13
284 -13
285 -13
286 -13
287 -13
288 -13
289 -13
290 -13
291 -13
292 -13
293 -13
294 -13
295 -13
296 -13
297 -13
298 -13
299 -13
300 -13
301 -13
302 -13
303 -13
304 -13
305 -13
306 -13
307 -13
308 -13
309 -13
310 -13
311 -13
312 -13
313 -13
314 -13
315 -13
316 -13
317 -13
318 -13
319 -13
320 -13
321 -13
322 -13
323 -13
324 -13
325 -13
326 -13
327 -13
328 -13
329 -13
330 -13
331 -13
332 -13
333 -13
334 -13
335 -13
336 -13
337 -13
338 -13
339 -13
340 -13
341 -13
342 -13
343 -13
344 -13
345 -13
346 -13
347 -13
348 -13
349 -13
350 -13
351 -13
352 -13
353 -13
354 -13
355 -13
356 -13
357 -13
358 -13
359 -13
360 -13
361 -13
362 -13
363 -13
364 -13
365 -13
366 -13
367 -13
368 -13
369 -13
370 -13
371 -13
372 -13
373 -13
374 -13
375 -13
376 -13
377 -13
378 -13
379 -13
380 -13
381 -13
382 -13
383 -13
384 -13
385 -13
386 -13
387 -13
388 -13
389 -13
390 -13
391 -13
392 -13
393 -13
394 -13
395 -13
396 -13
397 -13
398 -13
399 -13
400 -13
401 -13
402 -13
403 -13
404 -13
405 -13
406 -13
407 -13
408 -13
409 -13
410 -13
411 -13
412 -13
413 -13
414 -13
415 -13
416 -13
417 -13
418 -13
419 -13
420 -13
421 -13
422 -13
423 -13
424 -13
425 -13
426 -13
427 -13
428 -13
429 -13
430 -13
431 -13
432 -13
433 -13
434 -13
435 -13
436 -13
437 -13
438 -13
439 -13
440 -13
441 -13
442 -13
443 -13
444 -13
445 -13
446 -13
447 -13
448 -13
449 -13
450 -13
451 -13
452 -13
453 -13
454 -13
455 -13
456 -13
457 -13
458 -13
459 -13
460 -13
461 -13
462 -13
463 -13
464 -13
465 -13
466 -13
467 -13
468 -13
469 -13
470 -13
471 -13
472 -13
473 -13
474 -13
475 -13
476 -13
477 -13
478 -13
479 -13
480 -13
481 -13
482 -13
483 -13
484 -13
485 -13
486 -13
487 -13
488 -13
489 -13
490 -13
491 -13
492 -13
493 -13
494 -13
495 -13
496 -13
497 -13
498 -13
499 -13
500 -13
501 -13
502 -13
503 -13
504 -13
505 -13
506 -13
507 -13
508 -13
509 -13
510 -13
511 -13
512 -13
513 -13
514 -13
515 -13
516 -13
517 -13
518 -13
519 -13
520 -13
521 -13
522 -13
523 -13
524 -13
525 -13
526 -13
527 -13
528 -13
529 -13
530 -13
531 -13
532 -13
533 -13
534 -13
535 -13
536 -13
537 -13
538 -13
539 -13
540 -13
541 -13
542 -13
543 -13
544 -13
545 -13
546 -13
547 -13
548 -13
549 -13
550 -13
551 -13
552 -13
553 -13
554 -13
555 -13
556 -13
557 -13
558 -13
559 -13
560 -13
561 -13
562 -13
563 -13
564 -13
565 -13
566 -13
567 -13
568 -13
569 -13
570 -13
571 -13
572 -13
573 -13
574 -13
575 -13
576 -13
577 -13
578 -13
579 -13
580 -13
581 -13
582 -13
583 -13
584 -13
585 -13
586 -13
587 -13
588 -13
589 -13
590 -13
591 -13
592 -13
593 -13
594 -13
595 -13
596 -13
597 -13
598 -13
599 -13
600 -13
601 -13
602 -13
603 -13
604 -13
605 -13
606 -13
607 -13
608 -13
609 -13
610 -13
611 -13
612 -13
613 -13
614 -13
615 -13
616 -13
617 -13
618 -13
619 -13
620 -13
621 -13
622 -13
623 -13
624 -13
625 -13
626 -13
627 -13
628 -13
629 -13
630 -13
631 -13
632 -13
633 -13
634 -13
635 -13
636 -13
637 -13
638 -13
639 -13
640 -13
641 -13
642 -13
643 -13
644 -13
645 -13
646 -13
647 -13
648 -13
649 -13
650 -13
651 -13
652 -13
653 -13
654 -13
655 -13
656 -13
657 -13
658 -13
659 -13
660 -13
661 -13
662 -13
663 -13
664 -13
665 -13
666 -13
667 -13
668 -13
669 -13
670 -13
671 -13
672 -13
673 -13
674 -13
675 -13
676 -13
677 -13
678 -13
679 -13
680 -13
681 -13
682 -13
683 -13
684 -13
685 -13
686 -13
687 -13
688 -13
689 -13
690 -13
691 -13
692 -13
693 -13
694 -13
695 -13
696 -13
697 -13
698 -13
699 -13
700 -13
701 -13
702 -13
703 -13
704 -13
705 -13
706 -13
707 -13
708 -13
709 -13
710 -13
711 -13
712 -13
713 -13
714 -13
715 -13
716 -13
717 -13
718 -13
719 -13
720 -13
721 -13
722 -13
723 -13
724 -14
725 -15
726 -16
727 -16
728 -16
729 -16
730 -16
731 -16
732 -16
733 -16
734 -16
735 -16
736 -16
737 -16
738 -16
739 -16
740 -16
741 -16
742 -16
743 -16
744 -16
745 -16
746 -16
747 -16
748 -16
749 -16
750 -16
751 -16
752 -16
753 -16
754 -16
755 -16
756 -16
757 -16
758 -16
759 -16
760 -16
761 -16
762 -16
763 -16
764 -16
765 -16
766 -16
767 -16
768 -16
769 -16
770 -16
771 -16
772 -16
773 -16
774 -16
775 -16
776 -16
777 -16
778 -16
779 -16
780 -16
781 -16
782 -16
783 -16
784 -16
785 -16
786 -16
787 -16
788 -16
789 -16
790 -16
791 -16
792 -16
793 -16
794 -16
795 -16
796 -16
797 -16
798 -16
799 -16
800 -16
801 -16
802 -16
803 -16
804 -16
805 -16
806 -16
807 -16
808 -16
809 -16
810 -16
811 -16
812 -16
813 -16
814 -16
815 -16
816 -16
817 -16
818 -16
819 -16
820 -16
821 -16
822 -16
823 -16
824 -16
825 -16
826 -16
827 -16
828 -16
829 -16
830 -16
831 -16
832 -16
833 -16
834 -16
835 -16
836 -16
837 -17
838 -18
839 -19
840 -19
841 -19
842 -19
843 -19
844 -19
845 -19
846 -19
847 -19
848 -19
849 -19
850 -19
851 -19
852 -19
853 -19
854 -19
855 -19
856 -20
857 -20
858 -20
859 -21
860 -21
861 -21
862 -22
863 -23
864 -24
865 -24
866 -24
867 -25
868 -25
869 -25
870 -25
871 -25
872 -25
873 -25
874 -25
875 -25
876 -25
877 -25
878 -25
879 -25
880 -25
881 -25
882 -25
883 -25
884 -25
885 -25
886 -25
887 -25
888 -25
889 -25
890 -25
891 -25
892 -26
893 -26
894 -26
895 -27
896 -27
897 -27
898 -28
899 -29
900 -29
901 -29
902 -29
903 -29
904 -29
905 -29
906 -29
907 -29
908 -29
909 -29
910 -29
911 -29
912 -29
913 -29
914 -29
915 -29
916 -29
917 -29
918 -29
919 -29
920 -29
921 -29
922 -29
923 -29
924 -29
925 -29
926 -29
927 -29
928 -29
929 -29
930 -29
931 -29
932 -29
933 -29
934 -29
935 -29
936 -29
937 -29
938 -29
939 -29
940 -29
941 -29
942 -29
943 -29
944 -29
945 -29
946 -29
947 -29
948 -29
949 -29
950 -29
951 -29
952 -29
953 -29
954 -29
955 -29
956 -29
957 -29
958 -29
959 -29
960 -29
961 -29
962 -29
963 -29
964 -29
965 -29
966 -29
967 -29
968 -29
969 -29
970 -29
971 -29
972 -29
973 -29
974 -29
975 -29
976 -29
977 -29
978 -29
979 -29
980 -29
981 -29
982 -29
983 -29
984 -29
985 -29
986 -29
987 -29
988 -29
989 -29
990 -29
991 -29
992 -29
993 -29
994 -29
995 -29
996 -29
997 -29
998 -29
999 -29
1000 -29
1001 -29
1002 -29
1003 -29
1004 -29
1005 -29
1006 -29
1007 -29
1008 -29
1009 -29
1010 -29
1011 -29
1012 -29
1013 -29
1014 -29
1015 -29
1016 -29
1017 -29
1018 -29
1019 -29
1020 -29
1021 -29
1022 -29
1023 -29
1024 -29
1025 -29
1026 -29
1027 -29
1028 -29
1029 -29
1030 -29
1031 -29
1032 -29
1033 -29
1034 -30
1035 -30
1036 -30
1037 -30
1038 -30
1039 -30
1040 -30
1041 -30
1042 -30
1043 -30
1044 -30
1045 -31
1046 -32
1047 -33
1048 -33
1049 -33
1050 -33
1051 -33
1052 -33
1053 -33
1054 -33
1055 -33
1056 -33
1057 -33
1058 -33
1059 -33
1060 -33
1061 -33
1062 -33
1063 -33
1064 -33
1065 -33
1066 -33
1067 -33
1068 -33
1069 -33
1070 -33
1071 -33
1072 -33
1073 -33
1074 -33
1075 -33
1076 -33
1077 -33
1078 -33
1079 -33
1080 -33
1081 -33
1082 -33
1083 -33
1084 -33
1085 -33
1086 -33
1087 -33
1088 -33
1089 -33
1090 -33
1091 -33
1092 -33
1093 -33
1094 -34
1095 -35
1096 -35
1097 -35
1098 -35
1099 -35
1100 -36
1101 -36
1102 -36
1103 -37
1104 -37
1105 -37
1106 -38
1107 -39
1108 -39
1109 -39
1110 -39
1111 -39
1112 -39
1113 -39
1114 -40
1115 -40
1116 -40
1117 -40
1118 -40
1119 -41
1120 -42
1121 -43
1122 -43
1123 -43
1124 -44
1125 -45
1126 -45
1127 -45
1128 -45
1129 -45
1130 -45
1131 -45
1132 -46
1133 -46
1134 -46
1135 -46
1136 -46
1137 -46
1138 -46
1139 -46
1140 -46
1141 -46
1142 -46
1143 -46
1144 -46
1145 -46
1146 -46
1147 -46
1148 -46
1149 -46
1150 -46
1151 -46
1152 -46
1153 -46
1154 -46
1155 -46
1156 -46
1157 -46
1158 -46
1159 -46
1160 -46
1161 -46
1162 -46
1163 -46
1164 -46
1165 -46
1166 -46
1167 -46
1168 -46
1169 -46
1170 -46
1171 -46
1172 -46
1173 -46
1174 -46
1175 -46
1176 -46
1177 -46
1178 -46
1179 -46
1180 -46
1181 -46
1182 -46
1183 -46
1184 -46
1185 -46
1186 -46
1187 -46
1188 -46
1189 -46
1190 -46
1191 -46
1192 -46
1193 -46
1194 -46
1195 -46
1196 -46
1197 -46
1198 -46
1199 -46
1200 -46
1201 -46
1202 -46
1203 -46
1204 -46
1205 -46
1206 -46
1207 -46
1208 -46
1209 -46
1210 -46
1211 -46
1212 -46
1213 -47
1214 -48
1215 -49
1216 -49
1217 -49
1218 -49
1219 -49
1220 -49
1221 -49
1222 -49
1223 -49
1224 -49
1225 -49
1226 -50
1227 -51
1228 -52
1229 -52
1230 -52
1231 -52
1232 -52
1233 -52
1234 -52
1235 -52
1236 -52
1237 -53
1238 -53
1239 -53
1240 -53
1241 -53
1242 -54
1243 -55
1244 -56
1245 -56
1246 -56
1247 -56
1248 -56
1249 -57
1250 -57
1251 -57
1252 -57
1253 -57
1254 -58
1255 -59
1256 -59
1257 -59
1258 -59
1259 -59
1260 -59
1261 -59
1262 -59
1263 -59
1264 -59
1265 -59
1266 -59
1267 -59
1268 -59
1269 -59
1270 -59
1271 -59
1272 -59
1273 -59
1274 -59
1275 -59
1276 -60
1277 -60
1278 -60
1279 -60
1280 -60
1281 -61
1282 -62
1283 -63
1284 -63
1285 -63
1286 -64
1287 -64
1288 -64
1289 -64
1290 -64
1291 -65
1292 -66
1293 -66
1294 -66
1295 -66
1296 -66
1297 -66
1298 -66
1299 -66
1300 -66
1301 -66
1302 -66
1303 -66
1304 -66
1305 -66
1306 -66
1307 -67
1308 -67
1309 -67
1310 -67
1311 -67
1312 -67
1313 -67
1314 -68
1315 -69
1316 -69
1317 -69
1318 -69
1319 -69
1320 -69
1321 -69
1322 -69
1323 -69
1324 -69
1325 -69
1326 -69
1327 -69
1328 -69
1329 -69
1330 -69
1331 -69
1332 -69
1333 -69
1334 -69
1335 -69
1336 -69
1337 -69
1338 -69
1339 -69
1340 -69
1341 -69
1342 -69
1343 -69
1344 -69
1345 -69
1346 -69
1347 -69
1348 -69
1349 -69
1350 -69
1351 -69
1352 -69
1353 -69
1354 -69
1355 -69
1356 -69
1357 -69
1358 -69
1359 -69
1360 -69
1361 -69
1362 -69
1363 -69
1364 -69
1365 -69
1366 -69
1367 -69
1368 -69
1369 -69
1370 -69
1371 -69
1372 -69
1373 -69
1374 -69
1375 -69
1376 -69
1377 -69
1378 -69
1379 -69
1380 -69
1381 -69
1382 -69
1383 -69
1384 -69
1385 -69
1386 -69
1387 -69
1388 -69
1389 -69
1390 -69
1391 -69
1392 -69
1393 -69
1394 -69
1395 -69
1396 -69
1397 -69
1398 -69
1399 -69
1400 -69
1401 -69
1402 -69
1403 -69
1404 -69
1405 -69
1406 -69
1407 -69
1408 -69
1409 -69
1410 -69
1411 -69
1412 -69
1413 -69
1414 -69
1415 -69
1416 -69
1417 -69
1418 -69
1419 -69
1420 -69
1421 -69
1422 -69
1423 -69
1424 -69
1425 -69
1426 -69
1427 -69
1428 -69
1429 -69
1430 -69
1431 -69
1432 -69
1433 -69
1434 -69
1435 -69
1436 -69
1437 -69
1438 -69
1439 -69
1440 -69
1441 -69
1442 -69
1443 -69
1444 -69
1445 -69
1446 -69
1447 -69
1448 -69
1449 -69
1450 -69
1451 -69
1452 -69
1453 -69
1454 -69
1455 -69
1456 -69
1457 -69
1458 -69
1459 -69
1460 -69
1461 -69
1462 -69
1463 -69
1464 -69
1465 -69
1466 -69
1467 -69
1468 -69
1469 -69
1470 -69
1471 -69
1472 -69
1473 -69
1474 -69
1475 -69
1476 -69
1477 -69
1478 -69
1479 -69
1480 -69
1481 -69
1482 -69
1483 -69
1484 -69
1485 -69
1486 -69
1487 -69
1488 -69
1489 -69
1490 -69
1491 -69
1492 -69
1493 -69
1494 -69
1495 -69
1496 -69
1497 -69
1498 -69
1499 -69
1500 -69
1501 -69
1502 -69
1503 -69
1504 -69
1505 -69
1506 -69
1507 -69
1508 -69
1509 -69
1510 -69
1511 -69
1512 -69
1513 -69
1514 -69
1515 -69
1516 -69
1517 -69
1518 -69
1519 -69
1520 -69
1521 -69
1522 -69
1523 -69
1524 -69
1525 -69
1526 -69
1527 -69
1528 -69
1529 -69
1530 -69
1531 -69
1532 -69
1533 -69
1534 -69
1535 -69
1536 -69
1537 -69
1538 -69
1539 -69
1540 -69
1541 -69
1542 -69
1543 -69
1544 -69
1545 -69
1546 -69
1547 -69
1548 -69
1549 -69
1550 -69
1551 -69
1552 -69
1553 -69
1554 -69
1555 -69
1556 -69
1557 -69
1558 -69
1559 -69
1560 -69
1561 -69
1562 -69
1563 -69
1564 -69
1565 -69
1566 -69
1567 -69
1568 -69
1569 -69
1570 -69
1571 -69
1572 -69
1573 -69
1574 -69
1575 -69
1576 -69
1577 -69
1578 -69
1579 -69
1580 -69
1581 -69
1582 -69
1583 -69
1584 -69
1585 -69
1586 -69
1587 -69
1588 -69
1589 -69
1590 -69
1591 -69
1592 -69
1593 -69
1594 -69
1595 -69
1596 -69
1597 -69
1598 -69
1599 -69
1600 -69
1601 -69
1602 -69
1603 -69
1604 -69
1605 -69
1606 -69
1607 -69
1608 -69
1609 -69
1610 -69
1611 -69
1612 -69
1613 -69
1614 -69
1615 -69
1616 -69
1617 -69
1618 -69
1619 -69
1620 -69
1621 -69
1622 -69
1623 -69
1624 -69
1625 -69
1626 -69
1627 -69
1628 -69
1629 -69
1630 -69
1631 -69
1632 -69
1633 -69
1634 -69
1635 -69
1636 -69
1637 -69
1638 -69
1639 -69
1640 -69
1641 -69
1642 -69
1643 -69
1644 -69
1645 -69
1646 -69
1647 -69
1648 -69
1649 -69
1650 -69
1651 -69
1652 -69
1653 -69
1654 -69
1655 -69
1656 -69
1657 -69
1658 -69
1659 -69
1660 -69
1661 -69
1662 -69
1663 -69
1664 -69
1665 -69
1666 -69
1667 -69
1668 -69
1669 -69
1670 -69
1671 -69
1672 -69
1673 -69
1674 -69
1675 -69
1676 -69
1677 -69
1678 -69
1679 -69
1680 -69
1681 -69
1682 -69
1683 -69
1684 -69
1685 -69
1686 -69
1687 -69
1688 -69
1689 -69
1690 -69
1691 -69
1692 -69
1693 -69
1694 -69
1695 -69
1696 -69
1697 -69
1698 -69
1699 -69
1700 -69
1701 -69
1702 -69
1703 -69
1704 -69
1705 -69
1706 -69
1707 -69
1708 -69
1709 -69
1710 -69
1711 -69
1712 -69
1713 -69
1714 -69
1715 -69
1716 -69
1717 -69
1718 -69
1719 -69
1720 -69
1721 -69
1722 -69
1723 -69
1724 -69
1725 -69
1726 -69
1727 -69
1728 -69
1729 -69
1730 -69
1731 -69
1732 -69
1733 -69
1734 -69
1735 -69
1736 -69
1737 -69
1738 -69
1739 -69
1740 -69
1741 -69
1742 -69
1743 -69
1744 -69
1745 -69
1746 -69
1747 -69
1748 -69
1749 -69
1750 -69
1751 -69
1752 -69
1753 -69
1754 -69
1755 -69
1756 -69
1757 -69
1758 -69
1759 -69
1760 -69
1761 -69
1762 -69
1763 -69
1764 -69
1765 -69
1766 -69
1767 -69
1768 -69
1769 -69
1770 -69
1771 -69
1772 -69
1773 -69
1774 -69
1775 -69
1776 -69
1777 -69
1778 -69
1779 -69
1780 -70
1781 -70
1782 -70
1783 -70
1784 -70
1785 -70
1786 -70
1787 -70
1788 -70
1789 -70
1790 -70
1791 -71
1792 -71
1793 -71
1794 -71
1795 -71
1796 -71
1797 -71
1798 -71
1799 -71
1800 -71
1801 -71
1802 -71
1803 -71
1804 -71
1805 -71
1806 -71
1807 -71
1808 -71
1809 -71
1810 -71
1811 -71
1812 -71
1813 -71
1814 -71
1815 -71
1816 -71
1817 -71
1818 -71
1819 -71
1820 -71
1821 -71
1822 -71
1823 -71
1824 -71
1825 -71
1826 -71
1827 -71
1828 -71
1829 -71
1830 -71
1831 -71
1832 -71
1833 -71
1834 -71
1835 -71
1836 -71
1837 -71
1838 -72
1839 -72
1840 -72
1841 -72
1842 -72
1843 -72
1844 -72
1845 -72
1846 -72
1847 -72
1848 -72
1849 -72
1850 -72
1851 -72
1852 -72
1853 -72
1854 -72
1855 -72
1856 -72
1857 -72
1858 -72
1859 -72
1860 -72
1861 -72
1862 -72
1863 -72
1864 -72
1865 -72
1866 -72
1867 -72
1868 -72
1869 -72
1870 -72
1871 -72
1872 -72
1873 -72
1874 -72
1875 -72
1876 -72
1877 -72
1878 -72
1879 -72
1880 -72
1881 -72
1882 -72
1883 -72
1884 -72
1885 -72
1886 -72
1887 -72
1888 -72
1889 -72
1890 -72
1891 -72
1892 -72
1893 -72
1894 -72
1895 -72
1896 -72
1897 -72
1898 -72
1899 -72
1900 -72
1901 -72
1902 -72
1903 -72
1904 -72
1905 -72
1906 -72
1907 -72
1908 -72
1909 -72
1910 -72
1911 -72
1912 -72
1913 -72
1914 -72
1915 -72
1916 -72
1917 -72
1918 -72
1919 -72
1920 -72
1921 -72
1922 -72
1923 -72
1924 -72
1925 -72
1926 -72
1927 -72
1928 -72
1929 -72
1930 -72
1931 -72
1932 -72
1933 -72
1934 -72
1935 -73
1936 -74
1937 -74
1938 -74
1939 -74
1940 -74
1941 -74
1942 -74
1943 -74
1944 -74
1945 -74
1946 -74
1947 -74
1948 -74
1949 -74
1950 -74
1951 -74
1952 -74
1953 -74
1954 -74
1955 -74
1956 -74
1957 -74
1958 -74
1959 -74
1960 -74
1961 -74
1962 -74
1963 -74
1964 -74
1965 -74
1966 -74
1967 -74
1968 -74
1969 -74
1970 -74
1971 -74
1972 -74
1973 -74
1974 -74
1975 -74
1976 -74
1977 -74
1978 -74
1979 -74
1980 -74
1981 -74
1982 -74
1983 -74
1984 -74
1985 -74
1986 -74
1987 -74
1988 -74
1989 -74
1990 -74
1991 -74
1992 -74
1993 -74
1994 -74
1995 -74
1996 -74
1997 -74
1998 -74
1999 -74
2000 -74
2001 -74
2002 -74
2003 -74
2004 -74
2005 -74
2006 -74
2007 -74
2008 -74
2009 -74
2010 -74
2011 -74
2012 -74
2013 -74
2014 -74
2015 -74
2016 -74
2017 -74
2018 -74
2019 -74
2020 -74
2021 -74
2022 -74
2023 -74
2024 -74
2025 -74
2026 -74
2027 -74
2028 -74
2029 -74
2030 -74
2031 -74
2032 -74
2033 -74
2034 -74
2035 -74
2036 -74
2037 -74
2038 -74
2039 -74
2040 -74
2041 -74
2042 -74
2043 -74
2044 -74
2045 -74
2046 -74
2047 -74
2048 -74
2049 -74
2050 -74
2051 -74
2052 -74
2053 -74
2054 -74
2055 -74
2056 -74
2057 -75
2058 -75
2059 -75
2060 -75
2061 -75
2062 -75
2063 -75
2064 -75
2065 -75
2066 -75
2067 -75
2068 -75
2069 -75
2070 -75
2071 -75
2072 -75
2073 -75
2074 -75
2075 -75
2076 -75
2077 -75
2078 -75
2079 -75
2080 -75
2081 -75
2082 -75
2083 -75
2084 -75
2085 -75
2086 -75
2087 -75
2088 -75
2089 -75
2090 -75
2091 -75
2092 -75
2093 -75
2094 -75
2095 -75
2096 -75
2097 -75
2098 -75
2099 -75
2100 -75
2101 -75
2102 -75
2103 -75
2104 -75
2105 -75
2106 -75
2107 -75
2108 -75
2109 -75
2110 -75
2111 -75
2112 -75
2113 -75
2114 -75
2115 -75
2116 -75
2117 -75
2118 -75
2119 -75
2120 -75
2121 -75
2122 -75
2123 -75
2124 -75
2125 -75
2126 -76
2127 -76
2128 -76
2129 -76
2130 -76
2131 -76
2132 -76
2133 -76
2134 -76
2135 -76
2136 -76
2137 -76
2138 -76
2139 -76
2140 -76
2141 -76
2142 -76
2143 -77
2144 -77
2145 -77
2146 -77
2147 -77
2148 -77
2149 -77
2150 -77
2151 -77
2152 -77
2153 -77
2154 -77
2155 -77
2156 -77
2157 -77
2158 -77
2159 -77
2160 -77
2161 -77
2162 -77
2163 -77
2164 -77
2165 -77
2166 -77
2167 -77
2168 -77
2169 -77
2170 -77
2171 -77
2172 -77
2173 -77
2174 -77
2175 -77
2176 -77
2177 -77
2178 -77
2179 -77
2180 -77
2181 -77
2182 -77
2183 -77
2184 -77
2185 -77
2186 -77
2187 -77
2188 -77
2189 -77
2190 -77
2191 -77
2192 -77
2193 -77
2194 -77
2195 -77
2196 -77
2197 -77
2198 -77
2199 -77
2200 -77
2201 -77
2202 -77
2203 -77
2204 -77
2205 -77
2206 -77
2207 -77
2208 -77
2209 -77
2210 -77
2211 -77
2212 -77
2213 -77
2214 -77
2215 -77
2216 -77
2217 -77
2218 -77
2219 -77
2220 -77
2221 -77
2222 -77
2223 -77
2224 -77
2225 -77
2226 -77
2227 -77
2228 -77
2229 -77
2230 -77
2231 -77
2232 -77
2233 -77
2234 -77
2235 -77
2236 -77
2237 -77
2238 -77
2239 -77
2240 -77
2241 -77
2242 -77
2243 -77
2244 -77
2245 -77
2246 -77
2247 -77
2248 -77
2249 -77
2250 -77
2251 -77
2252 -77
2253 -77
2254 -77
2255 -77
2256 -77
2257 -77
2258 -77
2259 -77
2260 -77
2261 -77
2262 -77
2263 -77
2264 -77
2265 -77
2266 -77
2267 -77
2268 -77
2269 -77
2270 -77
2271 -77
2272 -77
2273 -77
2274 -77
2275 -77
2276 -77
2277 -77
2278 -77
2279 -77
2280 -77
2281 -77
2282 -77
2283 -77
2284 -77
2285 -77
2286 -77
2287 -77
2288 -77
2289 -77
2290 -77
2291 -77
2292 -77
2293 -77
2294 -77
2295 -77
2296 -77
2297 -77
2298 -77
2299 -77
2300 -77
2301 -77
2302 -77
2303 -77
2304 -78
2305 -79
2306 -80
2307 -80
2308 -80
2309 -80
2310 -80
2311 -80
2312 -80
2313 -81
2314 -81
2315 -81
2316 -81
2317 -81
2318 -81
2319 -81
2320 -81
2321 -81
2322 -81
2323 -81
2324 -81
2325 -81
2326 -81
2327 -81
2328 -81
2329 -81
2330 -81
2331 -81
2332 -81
2333 -81
2334 -81
2335 -81
2336 -81
2337 -81
2338 -81
2339 -81
2340 -81
2341 -81
2342 -81
2343 -81
2344 -81
2345 -81
2346 -81
2347 -81
2348 -81
2349 -81
2350 -81
2351 -81
2352 -81
2353 -81
2354 -81
2355 -81
2356 -81
2357 -81
2358 -81
2359 -81
2360 -81
2361 -81
2362 -81
2363 -81
2364 -81
2365 -81
2366 -81
2367 -81
2368 -81
2369 -81
2370 -81
2371 -81
2372 -81
2373 -81
2374 -81
2375 -81
2376 -81
2377 -81
2378 -81
2379 -81
2380 -81
2381 -81
2382 -81
2383 -81
2384 -81
2385 -81
2386 -81
2387 -81
2388 -81
2389 -81
2390 -81
2391 -81
2392 -81
2393 -81
2394 -81
2395 -81
2396 -81
2397 -81
2398 -81
2399 -81
2400 -81
2401 -81
2402 -81
2403 -81
2404 -81
2405 -81
2406 -81
2407 -81
2408 -81
2409 -81
2410 -81
2411 -81
2412 -81
2413 -81
2414 -81
2415 -81
2416 -81
2417 -81
2418 -81
2419 -81
2420 -81
2421 -81
2422 -81
2423 -81
2424 -81
2425 -81
2426 -81
2427 -81
2428 -81
2429 -81
2430 -81
2431 -81
2432 -81
2433 -81
2434 -81
2435 -81
2436 -81
2437 -81
2438 -82
2439 -83
2440 -83
2441 -83
2442 -84
2443 -85
2444 -86
2445 -87
2446 -87
2447 -87
2448 -87
2449 -87
2450 -87
2451 -87
2452 -87
2453 -87
2454 -87
2455 -87
2456 -87
2457 -87
2458 -87
2459 -87
2460 -87
2461 -87
2462 -87
2463 -87
2464 -87
2465 -87
2466 -87
2467 -87
2468 -87
2469 -87
2470 -87
2471 -87
2472 -87
2473 -87
2474 -87
2475 -87
2476 -87
2477 -87
2478 -87
2479 -87
2480 -87
2481 -87
2482 -87
2483 -87
2484 -87
2485 -87
2486 -87
2487 -87
2488 -87
2489 -87
2490 -87
2491 -87
2492 -87
2493 -87
2494 -87
2495 -87
2496 -87
2497 -87
2498 -87
2499 -87
2500 -87
2501 -87
2502 -87
2503 -87
2504 -87
2505 -87
2506 -87
2507 -87
2508 -87
2509 -87
2510 -87
2511 -87
2512 -87
2513 -87
2514 -87
2515 -87
2516 -87
2517 -87
2518 -87
2519 -87
2520 -87
2521 -87
2522 -87
2523 -87
2524 -87
2525 -87
2526 -87
2527 -87
2528 -87
2529 -87
2530 -87
2531 -87
2532 -87
2533 -87
2534 -87
2535 -87
2536 -87
2537 -87
2538 -87
2539 -87
2540 -87
2541 -87
2542 -87
2543 -87
2544 -87
2545 -87
2546 -87
2547 -87
2548 -87
2549 -87
2550 -87
2551 -87
2552 -87
2553 -87
2554 -87
2555 -87
2556 -87
2557 -87
2558 -87
2559 -87
2560 -87
2561 -87
2562 -87
2563 -87
2564 -87
2565 -87
2566 -87
2567 -87
2568 -87
2569 -87
2570 -88
2571 -88
2572 -88
2573 -89
2574 -90
2575 -90
2576 -90
2577 -90
2578 -90
2579 -90
2580 -90
2581 -90
2582 -90
2583 -90
2584 -90
2585 -90
2586 -90
2587 -90
2588 -90
2589 -90
2590 -90
2591 -90
2592 -90
2593 -90
2594 -90
2595 -90
2596 -90
2597 -90
2598 -90
2599 -91
2600 -92
2601 -93
2602 -93
2603 -93
2604 -93
2605 -93
2606 -93
2607 -93
2608 -93
2609 -93
2610 -93
2611 -93
2612 -93
2613 -93
2614 -94
2615 -95
2616 -95
2617 -95
2618 -95
2619 -95
2620 -95
2621 -95
2622 -95
2623 -95
2624 -95
2625 -95
2626 -95
2627 -95
2628 -95
2629 -95
2630 -95
2631 -95
2632 -95
2633 -95
2634 -95
2635 -95
2636 -95
2637 -95
2638 -95
2639 -95
2640 -95
2641 -95
2642 -95
2643 -95
2644 -95
2645 -95
2646 -95
2647 -95
2648 -95
2649 -95
2650 -95
2651 -95
2652 -95
2653 -95
2654 -95
2655 -95
2656 -95
2657 -95
2658 -95
2659 -95
2660 -95
2661 -95
2662 -95
2663 -95
2664 -95
2665 -95
2666 -95
2667 -95
2668 -95
2669 -95
2670 -95
2671 -95
2672 -95
2673 -95
2674 -95
2675 -95
2676 -95
2677 -95
2678 -95
2679 -95
2680 -95
2681 -95
2682 -95
2683 -95
2684 -95
2685 -95
2686 -95
2687 -95
2688 -95
2689 -95
2690 -95
2691 -95
2692 -96
2693 -97
2694 -97
2695 -97
2696 -97
2697 -97
2698 -98
2699 -99
2700 -99
2701 -99
2702 -99
2703 -99
2704 -99
2705 -99
2706 -100
2707 -100
2708 -100
2709 -101
2710 -101
2711 -101
2712 -101
2713 -101
2714 -102
2715 -103
2716 -104
2717 -105
2718 -105
2719 -105
2720 -105
2721 -105
2722 -106
2723 -107
2724 -107
2725 -107
2726 -107
2727 -107
2728 -108
2729 -109
2730 -109
2731 -109
2732 -109
2733 -109
2734 -109
2735 -109
2736 -109
2737 -109
2738 -109
2739 -109
2740 -109
2741 -109
2742 -109
2743 -109
2744 -109
2745 -109
2746 -110
2747 -110
2748 -110
2749 -110
2750 -110
2751 -110
2752 -110
2753 -110
2754 -110
2755 -110
2756 -110
2757 -110
2758 -110
2759 -110
2760 -110
2761 -110
2762 -110
2763 -110
2764 -110
2765 -110
2766 -110
2767 -110
2768 -110
2769 -110
2770 -110
2771 -110
2772 -110
2773 -110
2774 -110
2775 -110
2776 -110
2777 -110
2778 -110
2779 -110
2780 -110
2781 -110
2782 -110
2783 -110
2784 -110
2785 -110
2786 -110
2787 -110
2788 -110
2789 -110
2790 -110
2791 -110
2792 -110
2793 -110
2794 -110
2795 -110
2796 -110
2797 -110
2798 -110
2799 -110
2800 -110
2801 -110
2802 -110
2803 -110
2804 -110
2805 -110
2806 -110
2807 -110
2808 -110
2809 -110
2810 -110
2811 -110
2812 -110
2813 -110
2814 -110
2815 -110
2816 -110
2817 -110
2818 -110
2819 -110
2820 -110
2821 -110
2822 -110
2823 -110
2824 -110
2825 -110
2826 -110
2827 -110
2828 -110
2829 -110
2830 -110
2831 -110
2832 -110
2833 -110
2834 -110
2835 -110
2836 -110
2837 -110
2838 -110
2839 -110
2840 -110
2841 -110
2842 -110
2843 -110
2844 -110
2845 -110
2846 -110
2847 -110
2848 -110
2849 -110
2850 -110
2851 -110
2852 -110
2853 -110
2854 -110
2855 -110
2856 -110
2857 -110
2858 -110
2859 -110
2860 -110
2861 -110
2862 -110
2863 -110
2864 -110
2865 -110
2866 -110
2867 -110
2868 -110
2869 -110
2870 -110
2871 -110
2872 -110
2873 -110
2874 -110
2875 -110
2876 -110
2877 -110
2878 -110
2879 -110
2880 -110
2881 -110
2882 -110
2883 -110
2884 -110
2885 -110
2886 -110
2887 -110
2888 -110
2889 -110
2890 -110
2891 -110
2892 -110
2893 -110
2894 -110
2895 -110
2896 -110
2897 -110
2898 -110
2899 -110
2900 -110
2901 -110
2902 -110
2903 -110
2904 -110
2905 -110
2906 -110
2907 -110
2908 -110
2909 -110
2910 -110
2911 -110
2912 -110
2913 -110
2914 -110
2915 -110
2916 -110
2917 -110
2918 -110
2919 -110
2920 -110
2921 -110
2922 -110
2923 -110
2924 -110
2925 -110
2926 -110
2927 -110
2928 -110
2929 -110
2930 -110
2931 -110
2932 -110
2933 -110
2934 -110
2935 -110
2936 -110
2937 -110
2938 -110
2939 -110
2940 -110
2941 -110
2942 -110
2943 -110
2944 -110
2945 -110
2946 -110
2947 -110
2948 -110
2949 -110
2950 -110
2951 -110
2952 -110
2953 -110
2954 -110
2955 -110
2956 -110
2957 -110
2958 -110
2959 -110
2960 -110
2961 -110
2962 -110
2963 -110
2964 -110
2965 -110
2966 -110
2967 -110
2968 -110
2969 -110
2970 -110
2971 -110
2972 -110
2973 -110
2974 -110
2975 -110
2976 -110
2977 -110
2978 -110
2979 -110
2980 -110
2981 -110
2982 -110
2983 -110
2984 -110
2985 -110
2986 -110
2987 -110
2988 -110
2989 -110
2990 -110
2991 -110
2992 -110
2993 -110
2994 -110
2995 -110
2996 -110
2997 -110
2998 -110
2999 -110
3000 -110
3001 -110
3002 -110
3003 -110
3004 -110
3005 -110
3006 -110
3007 -110
3008 -110
3009 -110
3010 -110
3011 -110
3012 -110
3013 -110
3014 -110
3015 -110
3016 -110
3017 -110
3018 -110
3019 -110
3020 -110
3021 -110
3022 -110
3023 -110
3024 -110
3025 -110
3026 -110
3027 -110
3028 -110
3029 -110
3030 -110
3031 -110
3032 -110
3033 -110
3034 -110
3035 -110
3036 -110
3037 -110
3038 -110
3039 -110
3040 -110
3041 -110
3042 -110
3043 -110
3044 -110
3045 -110
3046 -110
3047 -110
3048 -110
3049 -110
3050 -110
3051 -110
3052 -110
3053 -110
3054 -110
3055 -110
3056 -110
3057 -110
3058 -110
3059 -110
3060 -110
3061 -110
3062 -110
3063 -110
3064 -110
3065 -110
3066 -110
3067 -110
3068 -110
3069 -110
3070 -110
3071 -110
3072 -110
3073 -110
3074 -110
3075 -110
3076 -110
3077 -110
3078 -110
3079 -110
3080 -110
3081 -110
3082 -110
3083 -110
3084 -110
3085 -110
3086 -110
3087 -110
3088 -110
3089 -110
3090 -110
3091 -110
3092 -110
3093 -110
3094 -110
3095 -110
3096 -110
3097 -110
3098 -110
3099 -110
3100 -110
3101 -110
3102 -110
3103 -110
3104 -110
3105 -110
3106 -110
3107 -110
3108 -110
3109 -110
3110 -110
3111 -110
3112 -110
3113 -110
3114 -110
3115 -110
3116 -110
3117 -110
3118 -110
3119 -110
3120 -110
3121 -110
3122 -110
3123 -110
3124 -110
3125 -110
3126 -110
3127 -110
3128 -110
3129 -110
3130 -110
3131 -110
3132 -110
3133 -110
3134 -110
3135 -110
3136 -110
3137 -110
3138 -110
3139 -110
3140 -110
3141 -110
3142 -110
3143 -110
3144 -110
3145 -110
3146 -110
3147 -110
3148 -110
3149 -110
3150 -110
3151 -110
3152 -110
3153 -110
3154 -110
3155 -110
3156 -110
3157 -110
3158 -110
3159 -110
3160 -110
3161 -110
3162 -110
3163 -110
3164 -110
3165 -110
3166 -110
3167 -110
3168 -110
3169 -110
3170 -110
3171 -110
3172 -110
3173 -110
3174 -110
3175 -110
3176 -110
3177 -110
3178 -110
3179 -110
3180 -110
3181 -110
3182 -110
3183 -110
3184 -110
3185 -110
3186 -110
3187 -110
3188 -110
3189 -110
3190 -110
3191 -110
3192 -110
3193 -110
3194 -110
3195 -110
3196 -110
3197 -110
3198 -110
3199 -110
3200 -110
3201 -110
3202 -110
3203 -110
3204 -110
3205 -110
3206 -110
3207 -110
3208 -110
3209 -110
3210 -110
3211 -110
3212 -110
3213 -110
3214 -110
3215 -110
3216 -110
3217 -110
3218 -110
3219 -110
3220 -110
3221 -110
3222 -110
3223 -110
3224 -110
3225 -110
3226 -110
3227 -110
3228 -110
3229 -110
3230 -110
3231 -110
3232 -110
3233 -110
3234 -110
3235 -110
3236 -110
3237 -110
3238 -110
3239 -110
3240 -110
3241 -110
3242 -110
3243 -110
3244 -110
3245 -110
3246 -110
3247 -110
3248 -110
3249 -110
3250 -110
3251 -110
3252 -110
3253 -110
3254 -110
3255 -110
3256 -110
3257 -110
3258 -110
3259 -110
3260 -110
3261 -110
3262 -110
3263 -110
3264 -110
3265 -110
3266 -110
3267 -110
3268 -110
3269 -110
3270 -110
3271 -110
3272 -110
3273 -110
3274 -110
3275 -110
3276 -110
3277 -110
3278 -110
3279 -110
3280 -110
3281 -110
3282 -110
3283 -110
3284 -110
3285 -110
3286 -110
3287 -110
3288 -110
3289 -110
3290 -110
3291 -110
3292 -110
3293 -110
3294 -110
3295 -110
3296 -110
3297 -110
3298 -110
3299 -110
3300 -110
3301 -110
3302 -110
3303 -110
3304 -110
3305 -110
3306 -110
3307 -110
3308 -110
3309 -110
3310 -110
3311 -110
3312 -110
3313 -110
3314 -110
3315 -110
3316 -110
3317 -110
3318 -110
3319 -110
3320 -110
3321 -110
3322 -110
3323 -110
3324 -110
3325 -110
3326 -110
3327 -110
3328 -110
3329 -110
3330 -110
3331 -110
3332 -110
3333 -110
3334 -110
3335 -110
3336 -110
3337 -110
3338 -110
3339 -110
3340 -110
3341 -110
3342 -110
3343 -110
3344 -110
3345 -110
3346 -110
3347 -110
3348 -110
3349 -110
3350 -110
3351 -110
3352 -110
3353 -110
3354 -110
3355 -110
3356 -110
3357 -110
3358 -110
3359 -110
3360 -110
3361 -110
3362 -110
3363 -110
3364 -110
3365 -110
3366 -110
3367 -110
3368 -110
3369 -110
3370 -110
3371 -110
3372 -110
3373 -110
3374 -110
3375 -110
3376 -110
3377 -110
3378 -110
3379 -110
3380 -110
3381 -110
3382 -110
3383 -110
3384 -110
3385 -110
3386 -110
3387 -110
3388 -110
3389 -110
3390 -110
3391 -110
3392 -110
3393 -110
3394 -110
3395 -110
3396 -110
3397 -110
3398 -110
3399 -110
3400 -110
3401 -110
3402 -110
3403 -110
3404 -110
3405 -110
3406 -110
3407 -110
3408 -110
3409 -110
3410 -110
3411 -110
3412 -110
3413 -110
3414 -110
3415 -110
3416 -110
3417 -110
3418 -110
3419 -110
3420 -110
3421 -110
3422 -110
3423 -110
3424 -110
3425 -110
3426 -110
3427 -110
3428 -110
3429 -110
3430 -110
3431 -110
3432 -110
3433 -110
3434 -110
3435 -110
3436 -110
3437 -110
3438 -110
3439 -110
3440 -110
3441 -110
3442 -110
3443 -110
3444 -110
3445 -110
3446 -110
3447 -110
3448 -110
3449 -110
3450 -110
3451 -110
3452 -110
3453 -110
3454 -110
3455 -110
3456 -110
3457 -110
3458 -110
3459 -110
3460 -110
3461 -110
3462 -110
3463 -110
3464 -110
3465 -110
3466 -110
3467 -110
3468 -110
3469 -110
3470 -110
3471 -110
3472 -110
3473 -110
3474 -110
3475 -110
3476 -110
3477 -110
3478 -110
3479 -110
3480 -110
3481 -110
3482 -110
3483 -110
3484 -110
3485 -110
3486 -110
3487 -110
3488 -110
3489 -110
3490 -110
3491 -110
3492 -110
3493 -110
3494 -110
3495 -110
3496 -110
3497 -110
3498 -110
3499 -110
3500 -110
3501 -110
3502 -110
3503 -110
3504 -110
3505 -110
3506 -110
3507 -110
3508 -110
3509 -110
3510 -110
3511 -110
3512 -110
3513 -110
3514 -110
3515 -110
3516 -110
3517 -110
3518 -110
3519 -110
3520 -110
3521 -110
3522 -110
3523 -110
3524 -110
3525 -110
3526 -110
3527 -110
3528 -110
3529 -110
3530 -110
3531 -110
3532 -110
3533 -110
3534 -110
3535 -110
3536 -110
3537 -110
3538 -110
3539 -110
3540 -110
3541 -110
3542 -110
3543 -110
3544 -110
3545 -110
3546 -110
3547 -110
3548 -110
3549 -110
3550 -110
3551 -110
3552 -110
3553 -110
3554 -110
3555 -110
3556 -110
3557 -110
3558 -110
3559 -110
3560 -110
3561 -110
3562 -110
3563 -110
3564 -110
3565 -110
3566 -110
3567 -110
3568 -110
3569 -110
3570 -110
3571 -110
3572 -110
3573 -110
3574 -110
3575 -110
3576 -110
3577 -110
3578 -110
3579 -110
3580 -110
3581 -110
3582 -110
3583 -110
3584 -110
3585 -110
3586 -110
3587 -110
3588 -110
3589 -110
3590 -110
3591 -111
3592 -112
3593 -113
3594 -114
3595 -114
3596 -114
3597 -114
3598 -114
3599 -114
3600 -114
3601 -114
3602 -114
3603 -114
3604 -114
3605 -114
3606 -114
3607 -114
3608 -114
3609 -114
3610 -114
3611 -114
3612 -114
3613 -114
3614 -114
3615 -114
3616 -114
3617 -114
3618 -114
3619 -114
3620 -114
3621 -114
3622 -114
3623 -114
3624 -114
3625 -114
3626 -114
3627 -114
3628 -114
3629 -114
3630 -114
3631 -114
3632 -114
3633 -114
3634 -114
3635 -114
3636 -114
3637 -114
3638 -114
3639 -114
3640 -114
3641 -114
3642 -114
3643 -114
3644 -114
3645 -114
3646 -114
3647 -114
3648 -114
3649 -114
3650 -114
3651 -114
3652 -114
3653 -114
3654 -114
3655 -114
3656 -114
3657 -114
3658 -114
3659 -114
3660 -114
3661 -114
3662 -114
3663 -114
3664 -114
3665 -114
3666 -114
3667 -114
3668 -114
3669 -114
3670 -114
3671 -114
3672 -114
3673 -114
3674 -114
3675 -114
3676 -114
3677 -114
3678 -114
3679 -114
3680 -114
3681 -114
3682 -114
3683 -114
3684 -114
3685 -114
3686 -114
3687 -114
3688 -114
3689 -114
3690 -114
3691 -114
3692 -114
3693 -114
3694 -114
3695 -114
3696 -114
3697 -114
3698 -114
3699 -114
3700 -114
3701 -114
3702 -114
3703 -114
3704 -114
3705 -114
3706 -114
3707 -114
3708 -114
3709 -114
3710 -114
3711 -114
3712 -114
3713 -114
3714 -114
3715 -114
3716 -114
3717 -114
3718 -114
3719 -114
3720 -114
3721 -114
3722 -114
3723 -114
3724 -114
3725 -114
3726 -114
3727 -114
3728 -114
3729 -114
3730 -114
3731 -114
3732 -114
3733 -114
3734 -114
3735 -114
3736 -114
3737 -114
3738 -114
3739 -114
3740 -114
3741 -114
3742 -114
3743 -114
3744 -114
3745 -114
3746 -114
3747 -114
3748 -114
3749 -114
3750 -114
3751 -114
3752 -114
3753 -114
3754 -114
3755 -114
3756 -114
3757 -114
3758 -114
3759 -114
3760 -114
3761 -114
3762 -114
3763 -114
3764 -114
3765 -114
3766 -114
3767 -114
3768 -114
3769 -114
3770 -114
3771 -114
3772 -114
3773 -114
3774 -114
3775 -114
3776 -114
3777 -114
3778 -114
3779 -114
3780 -114
3781 -114
3782 -114
3783 -114
3784 -114
3785 -114
3786 -114
3787 -114
3788 -114
3789 -114
3790 -114
3791 -114
3792 -114
3793 -114
3794 -114
3795 -114
3796 -114
3797 -114
3798 -114
3799 -114
3800 -114
3801 -114
3802 -114
3803 -114
3804 -114
3805 -114
3806 -114
3807 -114
3808 -114
3809 -114
3810 -114
3811 -114
3812 -114
3813 -114
3814 -114
3815 -114
3816 -114
3817 -114
3818 -114
3819 -114
3820 -114
3821 -114
3822 -114
3823 -114
3824 -114
3825 -114
3826 -114
3827 -114
3828 -114
3829 -114
3830 -114
3831 -114
3832 -114
3833 -114
3834 -114
3835 -114
3836 -114
3837 -114
3838 -114
3839 -114
3840 -114
3841 -114
3842 -114
3843 -114
3844 -114
3845 -114
3846 -114
3847 -114
3848 -114
3849 -114
3850 -114
3851 -114
3852 -114
3853 -114
3854 -114
3855 -114
3856 -114
3857 -114
3858 -114
3859 -114
3860 -114
3861 -114
3862 -114
3863 -114
3864 -114
3865 -114
3866 -114
3867 -114
3868 -114
3869 -114
3870 -114
3871 -114
3872 -114
3873 -114
3874 -114
3875 -114
3876 -114
3877 -114
3878 -114
3879 -114
3880 -114
3881 -114
3882 -114
3883 -114
3884 -114
3885 -114
3886 -114
3887 -114
3888 -114
3889 -114
3890 -114
3891 -114
3892 -114
3893 -114
3894 -114
3895 -114
3896 -114
3897 -114
3898 -114
3899 -114
3900 -114
3901 -114
3902 -114
3903 -114
3904 -114
3905 -114
3906 -114
3907 -114
3908 -114
3909 -114
3910 -114
3911 -114
3912 -114
3913 -114
3914 -114
3915 -114
3916 -114
3917 -114
3918 -114
3919 -114
3920 -114
3921 -114
3922 -114
3923 -114
3924 -114
3925 -114
3926 -114
3927 -114
3928 -114
3929 -114
3930 -114
3931 -115
3932 -116
3933 -117
3934 -118
3935 -118
3936 -118
3937 -119
3938 -120
3939 -120
3940 -120
3941 -120
3942 -120
3943 -120
3944 -120
3945 -120
3946 -120
3947 -120
3948 -120
3949 -120
3950 -120
3951 -120
3952 -120
3953 -120
3954 -120
3955 -120
3956 -120
3957 -120
3958 -120
3959 -120
3960 -120
3961 -120
3962 -120
3963 -120
3964 -120
3965 -120
3966 -120
3967 -120
3968 -120
3969 -120
3970 -120
3971 -120
3972 -120
3973 -120
3974 -120
3975 -120
3976 -120
3977 -120
3978 -120
3979 -120
3980 -120
3981 -120
3982 -120
3983 -120
3984 -120
3985 -120
3986 -120
3987 -120
3988 -120
3989 -120
3990 -120
3991 -120
3992 -120
3993 -120
3994 -120
3995 -120
3996 -120
3997 -120
3998 -120
3999 -120
4000 -120
4001 -120
4002 -120
4003 -120
4004 -120
4005 -120
4006 -120
4007 -120
4008 -120
4009 -120
4010 -120
4011 -120
4012 -120
4013 -120
4014 -120
4015 -120
4016 -120
4017 -120
4018 -120
4019 -120
4020 -120
4021 -120
4022 -120
4023 -120
4024 -120
4025 -120
4026 -120
4027 -120
4028 -120
4029 -120
4030 -120
4031 -120
4032 -120
4033 -120
4034 -120
4035 -120
4036 -120
4037 -120
4038 -120
4039 -120
4040 -120
4041 -120
4042 -120
4043 -120
4044 -120
4045 -120
4046 -120
4047 -120
4048 -120
4049 -120
4050 -120
4051 -120
4052 -120
4053 -120
4054 -120
4055 -120
4056 -120
4057 -121
4058 -122
4059 -122
4060 -122
4061 -122
4062 -122
4063 -122
4064 -122
4065 -122
4066 -122
4067 -122
4068 -122
4069 -122
4070 -122
4071 -122
4072 -122
4073 -122
4074 -122
4075 -122
4076 -122
4077 -122
4078 -122
4079 -122
4080 -122
4081 -122
4082 -122
4083 -122
4084 -122
4085 -122
4086 -122
4087 -122
4088 -122
4089 -122
4090 -122
4091 -122
4092 -122
4093 -122
4094 -122
4095 -122
4096 -122
4097 -122
4098 -122
4099 -122
4100 -122
4101 -122
4102 -122
4103 -122
4104 -122
4105 -122
4106 -122
4107 -122
4108 -122
4109 -122
4110 -122
4111 -122
4112 -122
4113 -122
4114 -122
4115 -122
4116 -122
4117 -122
4118 -122
4119 -122
4120 -122
4121 -122
4122 -122
4123 -122
4124 -122
4125 -122
4126 -122
4127 -122
4128 -122
4129 -122
4130 -122
4131 -122
4132 -122
4133 -122
4134 -122
4135 -122
4136 -122
4137 -122
4138 -122
4139 -122
4140 -122
4141 -122
4142 -122
4143 -122
4144 -122
4145 -122
4146 -122
4147 -122
4148 -122
4149 -122
4150 -122
4151 -122
4152 -122
4153 -122
4154 -122
4155 -122
4156 -122
4157 -122
4158 -122
4159 -122
4160 -122
4161 -122
4162 -122
4163 -122
4164 -122
4165 -122
4166 -122
4167 -122
4168 -122
4169 -122
4170 -122
4171 -122
4172 -122
4173 -122
4174 -122
4175 -122
4176 -122
4177 -122
4178 -122
4179 -122
4180 -122
4181 -122
4182 -122
4183 -122
4184 -122
4185 -122
4186 -122
4187 -122
4188 -122
4189 -122
4190 -122
4191 -122
4192 -122
4193 -122
4194 -122
4195 -122
4196 -122
4197 -122
4198 -122
4199 -122
4200 -122
4201 -122
4202 -122
4203 -122
4204 -122
4205 -122
4206 -122
4207 -122
4208 -122
4209 -122
4210 -122
4211 -122
4212 -122
4213 -122
4214 -122
4215 -122
4216 -122
4217 -122
4218 -122
4219 -122
4220 -122
4221 -122
4222 -122
4223 -122
4224 -122
4225 -122
4226 -122
4227 -122
4228 -122
4229 -122
4230 -122
4231 -122
4232 -122
4233 -122
4234 -122
4235 -122
4236 -122
4237 -122
4238 -122
4239 -122
4240 -122
4241 -122
4242 -122
4243 -122
4244 -122
4245 -122
4246 -122
4247 -122
4248 -122
4249 -122
4250 -122
4251 -122
4252 -122
4253 -122
4254 -122
4255 -122
4256 -122
4257 -122
4258 -122
4259 -122
4260 -122
4261 -122
4262 -122
4263 -122
4264 -122
4265 -122
4266 -122
4267 -122
4268 -122
4269 -122
4270 -122
4271 -122
4272 -122
4273 -122
4274 -122
4275 -122
4276 -122
4277 -122
4278 -122
4279 -122
4280 -122
4281 -122
4282 -122
4283 -122
4284 -122
4285 -122
4286 -122
4287 -122
4288 -122
4289 -122
4290 -122
4291 -122
4292 -122
4293 -122
4294 -122
4295 -122
4296 -122
4297 -122
4298 -122
4299 -122
4300 -122
4301 -122
4302 -122
4303 -122
4304 -122
4305 -122
4306 -122
4307 -122
4308 -122
4309 -122
4310 -122
4311 -122
4312 -122
4313 -122
4314 -122
4315 -122
4316 -122
4317 -122
4318 -122
4319 -122
4320 -122
4321 -122
4322 -122
4323 -122
4324 -122
4325 -122
4326 -122
4327 -122
4328 -122
4329 -122
4330 -122
4331 -122
4332 -122
4333 -122
4334 -122
4335 -122
4336 -122
4337 -122
4338 -122
4339 -122
4340 -122
4341 -122
4342 -122
4343 -122
4344 -122
4345 -122
4346 -122
4347 -122
4348 -122
4349 -122
4350 -122
4351 -122
4352 -122
4353 -122
4354 -122
4355 -122
4356 -122
4357 -122
4358 -122
4359 -122
4360 -122
4361 -122
4362 -122
4363 -122
4364 -122
4365 -122
4366 -122
4367 -122
4368 -122
4369 -122
4370 -122
4371 -122
4372 -122
4373 -122
4374 -122
4375 -122
4376 -122
4377 -122
4378 -122
4379 -122
4380 -122
4381 -122
4382 -122
4383 -122
4384 -122
4385 -122
4386 -122
4387 -122
4388 -122
4389 -122
4390 -122
4391 -122
4392 -122
4393 -122
4394 -122
4395 -122
4396 -122
4397 -122
4398 -122
4399 -122
4400 -122
4401 -122
4402 -122
4403 -122
4404 -122
4405 -122
4406 -122
4407 -122
4408 -122
4409 -122
4410 -122
4411 -122
4412 -122
4413 -122
4414 -122
4415 -122
4416 -122
4417 -122
4418 -122
4419 -122
4420 -122
4421 -122
4422 -122
4423 -122
4424 -122
4425 -122
4426 -122
4427 -122
4428 -122
4429 -122
4430 -122
4431 -122
4432 -122
4433 -122
4434 -122
4435 -122
4436 -122
4437 -122
4438 -122
4439 -122
4440 -122
4441 -122
4442 -122
4443 -122
4444 -122
4445 -122
4446 -122
4447 -122
4448 -122
4449 -122
4450 -122
4451 -122
4452 -122
4453 -122
4454 -122
4455 -122
4456 -122
4457 -122
4458 -122
4459 -122
4460 -122
4461 -122
4462 -122
4463 -122
4464 -122
4465 -122
4466 -122
4467 -122
4468 -122
4469 -122
4470 -122
4471 -122
4472 -122
4473 -122
4474 -122
4475 -122
4476 -122
4477 -122
4478 -122
4479 -122
4480 -122
4481 -122
4482 -122
4483 -122
4484 -122
4485 -122
4486 -122
4487 -122
4488 -122
4489 -122
4490 -122
4491 -122
4492 -122
4493 -122
4494 -122
4495 -122
4496 -122
4497 -122
4498 -122
4499 -122
4500 -122
4501 -122
4502 -122
4503 -122
4504 -122
4505 -122
4506 -122
4507 -122
4508 -122
4509 -122
4510 -122
4511 -122
4512 -122
4513 -122
4514 -122
4515 -122
4516 -122
4517 -122
4518 -122
4519 -122
4520 -122
4521 -122
4522 -122
4523 -122
4524 -122
4525 -122
4526 -122
4527 -122
4528 -122
4529 -122
4530 -122
4531 -122
4532 -122
4533 -122
4534 -122
4535 -122
4536 -122
4537 -122
4538 -122
4539 -122
4540 -122
4541 -122
4542 -122
4543 -122
4544 -122
4545 -122
4546 -122
4547 -122
4548 -122
4549 -122
4550 -122
4551 -122
4552 -122
4553 -123
4554 -123
4555 -123
4556 -123
4557 -123
4558 -124
4559 -125
4560 -125
4561 -125
4562 -125
4563 -125
4564 -125
4565 -125
4566 -125
4567 -125
4568 -125
4569 -125
4570 -125
4571 -125
4572 -125
4573 -125
4574 -125
4575 -125
4576 -125
4577 -125
4578 -125
4579 -125
4580 -125
4581 -125
4582 -125
4583 -125
4584 -125
4585 -125
4586 -125
4587 -125
4588 -125
4589 -125
4590 -125
4591 -125
4592 -125
4593 -125
4594 -125
4595 -125
4596 -125
4597 -125
4598 -125
4599 -125
4600 -125
4601 -125
4602 -125
4603 -125
4604 -125
4605 -125
4606 -125
4607 -125
4608 -125
4609 -125
4610 -125
4611 -125
4612 -125
4613 -125
4614 -125
4615 -125
4616 -125
4617 -125
4618 -125
4619 -125
4620 -125
4621 -125
4622 -125
4623 -125
4624 -125
4625 -125
4626 -125
4627 -125
4628 -125
4629 -125
4630 -125
4631 -125
4632 -125
4633 -125
4634 -125
4635 -125
4636 -125
4637 -125
4638 -125
4639 -125
4640 -125
4641 -125
4642 -125
4643 -125
4644 -125
4645 -125
4646 -125
4647 -125
4648 -125
4649 -125
4650 -125
4651 -125
4652 -125
4653 -125
4654 -125
4655 -125
4656 -125
4657 -125
4658 -125
4659 -125
4660 -125
4661 -125
4662 -125
4663 -125
4664 -125
4665 -125
4666 -125
4667 -125
4668 -125
4669 -125
4670 -125
4671 -125
4672 -125
4673 -125
4674 -125
4675 -125
4676 -125
4677 -125
4678 -125
4679 -125
4680 -125
4681 -125
4682 -125
4683 -125
4684 -125
4685 -125
4686 -125
4687 -125
4688 -125
4689 -125
4690 -125
4691 -125
4692 -125
4693 -125
4694 -125
4695 -125
4696 -125
4697 -125
4698 -125
4699 -125
4700 -125
4701 -125
4702 -125
4703 -125
4704 -125
4705 -125
4706 -125
4707 -125
4708 -125
4709 -125
4710 -125
4711 -125
4712 -125
4713 -125
4714 -125
4715 -125
4716 -125
4717 -125
4718 -125
4719 -125
4720 -125
4721 -125
4722 -125
4723 -125
4724 -125
4725 -125
4726 -125
4727 -125
4728 -125
4729 -125
4730 -125
4731 -125
4732 -125
4733 -125
4734 -125
4735 -125
4736 -125
4737 -125
4738 -125
4739 -125
4740 -125
4741 -125
4742 -125
4743 -125
4744 -125
4745 -125
4746 -125
4747 -125
4748 -125
4749 -125
4750 -125
4751 -125
4752 -125
4753 -125
4754 -125
4755 -125
4756 -125
4757 -125
4758 -125
4759 -125
4760 -125
4761 -125
4762 -125
4763 -125
4764 -125
4765 -125
4766 -125
4767 -125
4768 -125
4769 -125
4770 -125
4771 -125
4772 -125
4773 -125
4774 -125
4775 -125
4776 -125
4777 -125
4778 -125
4779 -125
4780 -125
4781 -125
4782 -125
4783 -125
4784 -125
4785 -125
4786 -125
4787 -125
4788 -125
4789 -125
4790 -125
4791 -125
4792 -125
4793 -125
4794 -125
4795 -125
4796 -125
4797 -125
4798 -125
4799 -125
4800 -125
4801 -125
4802 -125
4803 -125
4804 -125
4805 -125
4806 -125
4807 -125
4808 -125
4809 -125
4810 -125
4811 -125
4812 -125
4813 -125
4814 -125
4815 -125
4816 -125
4817 -125
4818 -125
4819 -125
4820 -125
4821 -125
4822 -125
4823 -125
4824 -125
4825 -125
4826 -125
4827 -125
4828 -125
4829 -125
4830 -125
4831 -125
4832 -125
4833 -125
4834 -125
4835 -125
4836 -125
4837 -125
4838 -125
4839 -125
4840 -125
4841 -125
4842 -125
4843 -125
4844 -125
4845 -125
4846 -125
4847 -125
4848 -125
4849 -125
4850 -125
4851 -125
4852 -125
4853 -125
4854 -125
4855 -125
4856 -125
4857 -125
4858 -125
4859 -125
4860 -125
4861 -125
4862 -125
4863 -125
4864 -125
4865 -125
4866 -125
4867 -125
4868 -125
4869 -125
4870 -125
4871 -125
4872 -125
4873 -125
4874 -125
4875 -125
4876 -125
4877 -125
4878 -125
4879 -125
4880 -125
4881 -125
4882 -125
4883 -125
4884 -125
4885 -125
4886 -125
4887 -125
4888 -125
4889 -125
4890 -125
4891 -125
4892 -125
4893 -125
4894 -125
4895 -125
4896 -125
4897 -125
4898 -125
4899 -125
4900 -125
4901 -125
4902 -125
4903 -125
4904 -125
4905 -125
4906 -125
4907 -125
4908 -125
4909 -125
4910 -125
4911 -125
4912 -125
4913 -125
4914 -125
4915 -125
4916 -125
4917 -125
4918 -125
4919 -125
4920 -125
4921 -125
4922 -125
4923 -125
4924 -125
4925 -125
4926 -125
4927 -125
4928 -125
4929 -125
4930 -125
4931 -125
4932 -125
4933 -125
4934 -125
4935 -125
4936 -125
4937 -125
4938 -125
4939 -125
4940 -125
4941 -125
4942 -125
4943 -125
4944 -125
4945 -125
4946 -125
4947 -125
4948 -125
4949 -125
4950 -125
4951 -125
4952 -125
4953 -125
4954 -125
4955 -125
4956 -125
4957 -125
4958 -125
4959 -125
4960 -125
4961 -125
4962 -125
4963 -125
4964 -125
4965 -125
4966 -125
4967 -125
4968 -125
4969 -125
4970 -125
4971 -125
4972 -125
4973 -125
4974 -125
4975 -125
4976 -125
4977 -125
4978 -125
4979 -125
4980 -125
4981 -125
4982 -125
4983 -125
4984 -125
4985 -125
4986 -125
4987 -125
4988 -125
4989 -125
4990 -125
4991 -125
4992 -125
4993 -125
4994 -125
4995 -125
4996 -125
4997 -125
4998 -125
4999 -125
5000 -125
5001 -125
5002 -125
5003 -125
5004 -125
5005 -125
5006 -125
5007 -125
5008 -125
5009 -125
5010 -125
5011 -125
5012 -125
5013 -125
5014 -125
5015 -125
5016 -125
5017 -125
5018 -125
5019 -125
5020 -125
5021 -125
5022 -125
5023 -125
5024 -125
5025 -125
5026 -125
5027 -125
5028 -125
5029 -125
5030 -125
5031 -125
5032 -125
5033 -125
5034 -125
5035 -125
5036 -125
5037 -125
5038 -125
5039 -125
5040 -125
5041 -125
5042 -125
5043 -125
5044 -125
5045 -125
5046 -125
5047 -125
5048 -125
5049 -125
5050 -125
5051 -125
5052 -125
5053 -125
5054 -125
5055 -125
5056 -125
5057 -125
5058 -125
5059 -125
5060 -125
5061 -125
5062 -125
5063 -125
5064 -125
5065 -125
5066 -125
5067 -125
5068 -125
5069 -125
5070 -125
5071 -125
5072 -125
5073 -125
5074 -125
5075 -125
5076 -125
5077 -125
5078 -125
5079 -125
5080 -125
5081 -125
5082 -125
5083 -125
5084 -125
5085 -125
5086 -125
5087 -125
5088 -125
5089 -125
5090 -125
5091 -125
5092 -125
5093 -125
5094 -125
5095 -125
5096 -125
5097 -125
5098 -125
5099 -125
5100 -125
5101 -125
5102 -125
5103 -125
5104 -125
5105 -125
5106 -125
5107 -125
5108 -125
5109 -125
5110 -125
5111 -125
5112 -125
5113 -125
5114 -125
5115 -125
5116 -125
5117 -125
5118 -125
5119 -125
5120 -125
5121 -125
5122 -125
5123 -125
5124 -125
5125 -125
5126 -125
5127 -125
5128 -125
5129 -125
5130 -125
5131 -125
5132 -125
5133 -125
5134 -125
5135 -125
5136 -125
5137 -125
5138 -125
5139 -125
5140 -125
5141 -125
5142 -125
5143 -125
5144 -125
5145 -125
5146 -125
5147 -125
5148 -125
5149 -125
5150 -125
5151 -125
5152 -125
5153 -125
5154 -125
5155 -125
5156 -125
5157 -125
5158 -125
5159 -125
5160 -125
5161 -125
5162 -125
5163 -125
5164 -125
5165 -125
5166 -125
5167 -125
5168 -125
5169 -125
5170 -125
5171 -125
5172 -125
5173 -125
5174 -125
5175 -125
5176 -125
5177 -125
5178 -125
5179 -125
5180 -125
5181 -125
5182 -125
5183 -125
5184 -125
5185 -125
5186 -125
5187 -125
5188 -125
5189 -125
5190 -125
5191 -125
5192 -125
5193 -125
5194 -125
5195 -125
5196 -125
5197 -125
5198 -125
5199 -125
5200 -125
5201 -125
5202 -125
5203 -125
5204 -125
5205 -125
5206 -125
5207 -125
5208 -125
5209 -125
5210 -125
5211 -125
5212 -125
5213 -125
5214 -125
5215 -125
5216 -125
5217 -125
5218 -125
5219 -125
5220 -125
5221 -125
5222 -125
5223 -125
5224 -125
5225 -125
5226 -125
5227 -125
5228 -125
5229 -125
5230 -125
5231 -125
5232 -125
5233 -125
5234 -125
5235 -125
5236 -125
5237 -125
5238 -125
5239 -125
5240 -125
5241 -125
5242 -125
5243 -125
5244 -125
5245 -125
5246 -125
5247 -125
5248 -125
5249 -125
5250 -125
5251 -125
5252 -125
5253 -125
5254 -125
5255 -125
5256 -125
5257 -125
5258 -125
5259 -125
5260 -125
5261 -125
5262 -125
5263 -125
5264 -125
5265 -125
5266 -125
5267 -125
5268 -125
5269 -125
5270 -125
5271 -125
5272 -125
5273 -125
5274 -125
5275 -125
5276 -125
5277 -125
5278 -125
5279 -125
5280 -125
5281 -125
5282 -125
5283 -125
5284 -125
5285 -125
5286 -125
5287 -125
5288 -125
5289 -125
5290 -125
5291 -125
5292 -125
5293 -125
5294 -125
5295 -125
5296 -125
5297 -125
5298 -125
5299 -125
5300 -125
5301 -125
5302 -125
5303 -125
5304 -125
5305 -125
5306 -125
5307 -125
5308 -125
5309 -125
5310 -125
5311 -125
5312 -125
5313 -125
5314 -125
5315 -125
5316 -125
5317 -125
5318 -125
5319 -125
5320 -125
5321 -125
5322 -125
5323 -125
5324 -125
5325 -125
5326 -125
5327 -125
5328 -125
5329 -125
5330 -125
5331 -125
5332 -125
5333 -125
5334 -125
5335 -125
5336 -125
5337 -125
5338 -125
5339 -125
5340 -125
5341 -125
5342 -125
5343 -125
5344 -125
5345 -125
5346 -125
5347 -125
5348 -125
5349 -125
5350 -125
5351 -125
5352 -125
5353 -125
5354 -125
5355 -125
5356 -125
5357 -125
5358 -125
5359 -125
5360 -125
5361 -125
5362 -125
5363 -125
5364 -125
5365 -125
5366 -125
5367 -125
5368 -125
5369 -125
5370 -125
5371 -125
5372 -125
5373 -125
5374 -125
5375 -125
5376 -125
5377 -125
5378 -125
5379 -125
5380 -125
5381 -125
5382 -125
5383 -125
5384 -125
5385 -125
5386 -125
5387 -125
5388 -125
5389 -125
5390 -125
5391 -125
5392 -125
5393 -125
5394 -125
5395 -125
5396 -125
5397 -125
5398 -125
5399 -125
5400 -125
5401 -125
5402 -125
5403 -125
5404 -125
5405 -125
5406 -125
5407 -125
5408 -125
5409 -125
5410 -125
5411 -125
5412 -125
5413 -125
5414 -125
5415 -125
5416 -125
5417 -125
5418 -125
5419 -125
5420 -125
5421 -125
5422 -125
5423 -125
5424 -125
5425 -125
5426 -125
5427 -125
5428 -125
5429 -125
5430 -125
5431 -125
5432 -125
5433 -125
5434 -125
5435 -125
5436 -125
5437 -125
5438 -125
5439 -125
5440 -125
5441 -125
5442 -125
5443 -125
5444 -125
5445 -125
5446 -125
5447 -125
5448 -125
5449 -125
5450 -125
5451 -125
5452 -125
5453 -125
5454 -125
5455 -125
5456 -125
5457 -125
5458 -125
5459 -125
5460 -125
5461 -125
5462 -125
5463 -125
5464 -125
5465 -125
5466 -125
5467 -125
5468 -125
5469 -125
5470 -125
5471 -125
5472 -125
5473 -125
5474 -125
5475 -125
5476 -125
5477 -125
5478 -125
5479 -125
5480 -125
5481 -125
5482 -125
5483 -125
5484 -125
5485 -125
5486 -125
5487 -125
5488 -125
5489 -125
5490 -125
5491 -125
5492 -125
5493 -125
5494 -125
5495 -125
5496 -125
5497 -125
5498 -125
5499 -125
5500 -125
5501 -125
5502 -125
5503 -125
5504 -125
5505 -125
5506 -125
5507 -125
5508 -125
5509 -125
5510 -125
5511 -125
5512 -125
5513 -125
5514 -125
5515 -125
5516 -125
5517 -125
5518 -125
5519 -125
5520 -125
5521 -125
5522 -125
5523 -125
5524 -125
5525 -125
5526 -125
5527 -125
5528 -125
5529 -125
5530 -125
5531 -125
5532 -125
5533 -125
5534 -125
5535 -125
5536 -125
5537 -125
5538 -125
5539 -125
5540 -125
5541 -125
5542 -125
5543 -125
5544 -125
5545 -125
5546 -125
5547 -125
5548 -125
5549 -125
5550 -125
5551 -125
5552 -125
5553 -125
5554 -125
5555 -125
5556 -125
5557 -125
5558 -125
5559 -125
5560 -125
5561 -125
5562 -125
5563 -125
5564 -125
5565 -125
5566 -125
5567 -125
5568 -125
5569 -125
5570 -125
5571 -125
5572 -125
5573 -125
5574 -125
5575 -125
5576 -125
5577 -125
5578 -125
5579 -125
5580 -125
5581 -125
5582 -125
5583 -125
5584 -125
5585 -125
5586 -125
5587 -125
5588 -125
5589 -125
5590 -125
5591 -125
5592 -125
5593 -125
5594 -125
5595 -125
5596 -125
5597 -125
5598 -125
5599 -125
5600 -125
5601 -125
5602 -125
5603 -125
5604 -125
5605 -125
5606 -125
5607 -125
5608 -125
5609 -125
5610 -125
5611 -125
5612 -125
5613 -125
5614 -125
5615 -125
5616 -125
5617 -125
5618 -125
5619 -125
5620 -125
5621 -125
5622 -125
5623 -125
5624 -125
5625 -125
5626 -125
5627 -125
5628 -125
5629 -125
5630 -125
5631 -125
5632 -125
5633 -125
5634 -125
5635 -125
5636 -125
5637 -125
5638 -125
5639 -125
5640 -125
5641 -125
5642 -125
5643 -125
5644 -125
5645 -125
5646 -125
5647 -125
5648 -125
5649 -125
5650 -125
5651 -125
5652 -125
5653 -125
5654 -125
5655 -125
5656 -125
5657 -125
5658 -125
5659 -125
5660 -125
5661 -125
5662 -125
5663 -125
5664 -125
5665 -125
5666 -125
5667 -125
5668 -125
5669 -125
5670 -125
5671 -125
5672 -125
5673 -125
5674 -125
5675 -125
5676 -125
5677 -125
5678 -125
5679 -125
5680 -125
5681 -125
5682 -125
5683 -125
5684 -125
5685 -125
5686 -125
5687 -125
5688 -125
5689 -125
5690 -125
5691 -125
5692 -125
5693 -125
5694 -125
5695 -125
5696 -125
5697 -125
5698 -125
5699 -125
5700 -125
5701 -125
5702 -125
5703 -125
5704 -125
5705 -125
5706 -125
5707 -125
5708 -125
5709 -125
5710 -125
5711 -125
5712 -125
5713 -125
5714 -125
5715 -125
5716 -125
5717 -125
5718 -125
5719 -125
5720 -125
5721 -125
5722 -125
5723 -125
5724 -125
5725 -125
5726 -125
5727 -125
5728 -125
5729 -125
5730 -125
5731 -125
5732 -125
5733 -125
5734 -125
5735 -125
5736 -125
5737 -125
5738 -125
5739 -125
5740 -125
5741 -125
5742 -125
5743 -125
5744 -125
5745 -125
5746 -125
5747 -125
5748 -125
5749 -125
5750 -125
5751 -125
5752 -125
5753 -125
5754 -125
5755 -125
5756 -125
5757 -125
5758 -125
5759 -125
5760 -125
5761 -125
5762 -125
5763 -125
5764 -125
5765 -125
5766 -125
5767 -125
5768 -125
5769 -125
5770 -125
5771 -125
5772 -125
5773 -125
5774 -125
5775 -125
5776 -125
5777 -125
5778 -125
5779 -125
5780 -125
5781 -125
5782 -125
5783 -125
5784 -125
5785 -125
5786 -125
5787 -125
5788 -125
5789 -125
5790 -125
5791 -125
5792 -125
5793 -125
5794 -125
5795 -125
5796 -125
5797 -125
5798 -125
5799 -125
5800 -125
5801 -125
5802 -125
5803 -125
5804 -125
5805 -125
5806 -125
5807 -125
5808 -125
5809 -125
5810 -125
5811 -125
5812 -125
5813 -125
5814 -125
5815 -125
5816 -125
5817 -125
5818 -125
5819 -125
5820 -125
5821 -125
5822 -125
5823 -125
5824 -125
5825 -125
5826 -125
5827 -125
5828 -125
5829 -125
5830 -125
5831 -125
5832 -125
5833 -125
5834 -125
5835 -125
5836 -125
5837 -125
5838 -125
5839 -125
5840 -125
5841 -125
5842 -125
5843 -125
5844 -125
5845 -125
5846 -125
5847 -125
5848 -125
5849 -125
5850 -125
5851 -125
5852 -125
5853 -125
5854 -125
5855 -125
5856 -125
5857 -125
5858 -125
5859 -125
5860 -125
5861 -125
5862 -125
5863 -125
5864 -125
5865 -125
5866 -125
5867 -125
5868 -125
5869 -125
5870 -125
5871 -125
5872 -125
5873 -125
5874 -125
5875 -125
5876 -125
5877 -125
5878 -125
5879 -125
5880 -125
5881 -125
5882 -125
5883 -125
5884 -125
5885 -125
5886 -125
5887 -125
5888 -125
5889 -125
5890 -125
5891 -125
5892 -125
5893 -125
5894 -125
5895 -125
5896 -125
5897 -125
5898 -125
5899 -125
5900 -125
5901 -125
5902 -125
5903 -125
5904 -125
5905 -125
5906 -125
5907 -125
5908 -125
5909 -125
5910 -125
5911 -125
5912 -125
5913 -125
5914 -125
5915 -125
5916 -125
5917 -125
5918 -125
5919 -125
5920 -125
5921 -125
5922 -125
5923 -125
5924 -125
5925 -125
5926 -125
5927 -125
5928 -125
5929 -125
5930 -125
5931 -125
5932 -125
5933 -125
5934 -125
5935 -125
5936 -125
5937 -125
5938 -125
5939 -125
5940 -125
5941 -125
5942 -125
5943 -125
5944 -125
5945 -125
5946 -125
5947 -125
5948 -125
5949 -125
5950 -125
5951 -125
5952 -125
5953 -125
5954 -125
5955 -125
5956 -125
5957 -125
5958 -125
5959 -125
5960 -125
5961 -125
5962 -125
5963 -125
5964 -125
5965 -125
5966 -125
5967 -125
5968 -125
5969 -125
5970 -125
5971 -125
5972 -125
5973 -125
5974 -125
5975 -125
5976 -125
5977 -125
5978 -125
5979 -125
5980 -125
5981 -125
5982 -125
5983 -125
5984 -125
5985 -125
5986 -125
5987 -125
5988 -125
5989 -125
5990 -125
5991 -125
5992 -125
5993 -125
5994 -125
5995 -125
5996 -125
5997 -125
5998 -125
5999 -125
6000 -125
6001 -125
6002 -125
6003 -125
6004 -125
6005 -125
6006 -125
6007 -125
6008 -125
6009 -125
6010 -125
6011 -125
6012 -125
6013 -125
6014 -125
6015 -125
6016 -125
6017 -125
6018 -125
6019 -125
6020 -125
6021 -125
6022 -125
6023 -125
6024 -125
6025 -125
6026 -125
6027 -125
6028 -125
6029 -125
6030 -125
6031 -125
6032 -125
6033 -125
6034 -125
6035 -125
6036 -125
6037 -125
6038 -125
6039 -125
6040 -125
6041 -125
6042 -125
6043 -125
6044 -125
6045 -125
6046 -125
6047 -125
6048 -125
6049 -125
6050 -125
6051 -125
6052 -125
6053 -125
6054 -125
6055 -125
6056 -125
6057 -125
6058 -125
6059 -125
6060 -125
6061 -125
6062 -125
6063 -125
6064 -125
6065 -125
6066 -125
6067 -125
6068 -125
6069 -125
6070 -125
6071 -125
6072 -125
6073 -125
6074 -125
6075 -125
6076 -125
6077 -125
6078 -125
6079 -125
6080 -125
6081 -125
6082 -125
6083 -125
6084 -125
6085 -125
6086 -125
6087 -125
6088 -125
6089 -125
6090 -125
6091 -125
6092 -125
6093 -125
6094 -125
6095 -125
6096 -125
6097 -125
6098 -125
6099 -125
6100 -125
6101 -125
6102 -125
6103 -125
6104 -125
6105 -125
6106 -125
6107 -125
6108 -125
6109 -125
6110 -125
6111 -125
6112 -125
6113 -125
6114 -125
6115 -125
6116 -125
6117 -125
6118 -125
6119 -125
6120 -125
6121 -125
6122 -125
6123 -125
6124 -125
6125 -125
6126 -125
6127 -125
6128 -125
6129 -125
6130 -125
6131 -125
6132 -125
6133 -125
6134 -125
6135 -125
6136 -125
6137 -125
6138 -125
6139 -125
6140 -125
6141 -125
6142 -125
6143 -125
6144 -125
6145 -125
6146 -125
6147 -125
6148 -125
6149 -125
6150 -125
6151 -125
6152 -125
6153 -125
6154 -125
6155 -125
6156 -125
6157 -125
6158 -125
6159 -125
6160 -125
6161 -125
6162 -125
6163 -125
6164 -125
6165 -125
6166 -125
6167 -125
6168 -125
6169 -125
6170 -125
6171 -125
6172 -125
6173 -125
6174 -125
6175 -125
6176 -125
6177 -125
6178 -125
6179 -125
6180 -125
6181 -125
6182 -125
6183 -125
6184 -125
6185 -125
6186 -125
6187 -125
6188 -125
6189 -125
6190 -125
6191 -125
6192 -125
6193 -125
6194 -125
6195 -125
6196 -125
6197 -125
6198 -125
6199 -125
6200 -125
6201 -125
6202 -125
6203 -125
6204 -125
6205 -125
6206 -125
6207 -125
6208 -125
6209 -125
6210 -125
6211 -125
6212 -125
6213 -125
6214 -125
6215 -125
6216 -125
6217 -125
6218 -125
6219 -125
6220 -125
6221 -125
6222 -125
6223 -125
6224 -125
6225 -125
6226 -125
6227 -125
6228 -125
6229 -125
6230 -125
6231 -125
6232 -125
6233 -125
6234 -125
6235 -125
6236 -125
6237 -125
6238 -125
6239 -125
6240 -125
6241 -125
6242 -125
6243 -125
6244 -125
6245 -125
6246 -125
6247 -125
6248 -125
6249 -125
6250 -125
6251 -125
6252 -125
6253 -125
6254 -125
6255 -125
6256 -125
6257 -125
6258 -125
6259 -125
6260 -125
6261 -125
6262 -125
6263 -125
6264 -125
6265 -125
6266 -125
6267 -125
6268 -125
6269 -125
6270 -125
6271 -125
6272 -125
6273 -125
6274 -125
6275 -125
6276 -125
6277 -125
6278 -125
6279 -125
6280 -125
6281 -125
6282 -125
6283 -125
6284 -125
6285 -125
6286 -125
6287 -125
6288 -125
6289 -125
6290 -125
6291 -125
6292 -125
6293 -125
6294 -125
6295 -125
6296 -125
6297 -125
6298 -125
6299 -125
6300 -125
6301 -125
6302 -125
6303 -125
6304 -125
6305 -125
6306 -125
6307 -125
6308 -125
6309 -125
6310 -125
6311 -125
6312 -125
6313 -125
6314 -125
6315 -125
6316 -125
6317 -125
6318 -125
6319 -125
6320 -125
6321 -125
6322 -125
6323 -125
6324 -125
6325 -125
6326 -125
6327 -125
6328 -125
6329 -125
6330 -125
6331 -125
6332 -125
6333 -125
6334 -125
6335 -125
6336 -125
6337 -125
6338 -125
6339 -125
6340 -125
6341 -125
6342 -125
6343 -125
6344 -125
6345 -125
6346 -125
6347 -125
6348 -125
6349 -125
6350 -125
6351 -125
6352 -125
6353 -125
6354 -125
6355 -125
6356 -125
6357 -125
6358 -125
6359 -125
6360 -125
6361 -125
6362 -125
6363 -125
6364 -125
6365 -125
6366 -125
6367 -125
6368 -125
6369 -125
6370 -125
6371 -125
6372 -125
6373 -125
6374 -125
6375 -125
6376 -125
6377 -125
6378 -125
6379 -125
6380 -125
6381 -125
6382 -125
6383 -125
6384 -125
6385 -125
6386 -125
6387 -125
6388 -125
6389 -125
6390 -125
6391 -125
6392 -125
6393 -125
6394 -125
6395 -125
6396 -125
6397 -125
6398 -125
6399 -125
6400 -125
6401 -125
6402 -125
6403 -125
6404 -125
6405 -125
6406 -125
6407 -125
6408 -125
6409 -125
6410 -125
6411 -125
6412 -125
6413 -125
6414 -125
6415 -125
6416 -125
6417 -125
6418 -125
6419 -125
6420 -125
6421 -125
6422 -125
6423 -125
6424 -125
6425 -125
6426 -125
6427 -125
6428 -125
6429 -125
6430 -125
6431 -125
6432 -125
6433 -125
6434 -125
6435 -125
6436 -125
6437 -125
6438 -125
6439 -125
6440 -125
6441 -125
6442 -125
6443 -125
6444 -125
6445 -125
6446 -125
6447 -125
6448 -125
6449 -125
6450 -125
6451 -125
6452 -125
6453 -125
6454 -125
6455 -125
6456 -125
6457 -125
6458 -125
6459 -125
6460 -125
6461 -125
6462 -125
6463 -125
6464 -125
6465 -125
6466 -125
6467 -125
6468 -125
6469 -125
6470 -125
6471 -125
6472 -125
6473 -125
6474 -125
6475 -125
6476 -125
6477 -125
6478 -125
6479 -125
6480 -125
6481 -125
6482 -125
6483 -125
6484 -125
6485 -125
6486 -125
6487 -125
6488 -125
6489 -125
6490 -125
6491 -125
6492 -125
6493 -125
6494 -125
6495 -125
6496 -125
6497 -125
6498 -125
6499 -125
6500 -125
6501 -125
6502 -125
6503 -125
6504 -125
6505 -125
6506 -125
6507 -125
6508 -125
6509 -125
6510 -125
6511 -125
6512 -125
6513 -125
6514 -125
6515 -125
6516 -125
6517 -125
6518 -125
6519 -125
6520 -125
6521 -125
6522 -125
6523 -125
6524 -125
6525 -125
6526 -125
6527 -125
6528 -125
6529 -125
6530 -125
6531 -125
6532 -125
6533 -125
6534 -125
6535 -125
6536 -125
6537 -125
6538 -125
6539 -125
6540 -125
6541 -125
6542 -125
6543 -125
6544 -125
6545 -125
6546 -125
6547 -125
6548 -125
6549 -125
6550 -125
6551 -125
6552 -125
6553 -125
6554 -125
6555 -125
6556 -125
6557 -125
6558 -125
6559 -125
6560 -125
6561 -125
6562 -125
6563 -125
6564 -125
6565 -125
6566 -125
6567 -125
6568 -125
6569 -125
6570 -125
6571 -125
6572 -125
6573 -125
6574 -125
6575 -125
6576 -125
6577 -125
6578 -125
6579 -125
6580 -125
6581 -125
6582 -125
6583 -125
6584 -125
6585 -125
6586 -125
6587 -125
6588 -125
6589 -125
6590 -125
6591 -125
6592 -125
6593 -125
6594 -125
6595 -125
6596 -125
6597 -125
6598 -125
6599 -125
6600 -125
6601 -125
6602 -125
6603 -125
6604 -125
6605 -125
6606 -125
6607 -125
6608 -125
6609 -125
6610 -125
6611 -125
6612 -125
6613 -125
6614 -125
6615 -125
6616 -125
6617 -125
6618 -125
6619 -125
6620 -125
6621 -125
6622 -125
6623 -125
6624 -125
6625 -125
6626 -125
6627 -125
6628 -125
6629 -125
6630 -125
6631 -125
6632 -125
6633 -125
6634 -125
6635 -125
6636 -125
6637 -125
6638 -125
6639 -125
6640 -125
6641 -125
6642 -125
6643 -125
6644 -125
6645 -125
6646 -125
6647 -125
6648 -125
6649 -125
6650 -125
6651 -125
6652 -125
6653 -125
6654 -125
6655 -125
6656 -125
6657 -125
6658 -125
6659 -125
6660 -125
6661 -125
6662 -125
6663 -125
6664 -125
6665 -125
6666 -125
6667 -125
6668 -125
6669 -125
6670 -125
6671 -125
6672 -125
6673 -125
6674 -125
6675 -125
6676 -125
6677 -125
6678 -125
6679 -125
6680 -125
6681 -125
6682 -125
6683 -125
6684 -125
6685 -125
6686 -125
6687 -125
6688 -125
6689 -125
6690 -125
6691 -125
6692 -125
6693 -125
6694 -125
6695 -125
6696 -125
6697 -125
6698 -125
6699 -125
6700 -125
6701 -125
6702 -125
6703 -125
6704 -125
6705 -125
6706 -125
6707 -125
6708 -125
6709 -125
6710 -125
6711 -125
6712 -125
6713 -125
6714 -125
6715 -125
6716 -125
6717 -125
6718 -125
6719 -125
6720 -125
6721 -125
6722 -125
6723 -125
6724 -125
6725 -125
6726 -125
6727 -125
6728 -125
6729 -125
6730 -125
6731 -125
6732 -125
6733 -125
6734 -125
6735 -125
6736 -125
6737 -125
6738 -125
6739 -125
6740 -125
6741 -125
6742 -125
6743 -125
6744 -125
6745 -125
6746 -125
6747 -125
6748 -125
6749 -125
6750 -125
6751 -125
6752 -125
6753 -125
6754 -125
6755 -125
6756 -125
6757 -125
6758 -125
6759 -125
6760 -125
6761 -125
6762 -125
6763 -125
6764 -125
6765 -125
6766 -125
6767 -125
6768 -125
6769 -125
6770 -125
6771 -125
6772 -125
6773 -125
6774 -125
6775 -125
6776 -125
6777 -125
6778 -125
6779 -125
6780 -125
6781 -125
6782 -125
6783 -125
6784 -125
6785 -125
6786 -125
6787 -125
6788 -125
6789 -125
6790 -125
6791 -125
6792 -125
6793 -125
6794 -125
6795 -125
6796 -125
6797 -125
6798 -125
6799 -125
6800 -125
6801 -125
6802 -125
6803 -125
6804 -125
6805 -125
6806 -125
6807 -125
6808 -125
6809 -125
6810 -125
6811 -125
6812 -125
6813 -125
6814 -125
6815 -125
6816 -125
6817 -125
6818 -125
6819 -125
6820 -125
6821 -125
6822 -125
6823 -125
6824 -125
6825 -125
6826 -125
6827 -125
6828 -125
6829 -125
6830 -125
6831 -125
6832 -125
6833 -125
6834 -125
6835 -125
6836 -125
6837 -125
6838 -125
6839 -125
6840 -125
6841 -125
6842 -125
6843 -125
6844 -125
6845 -125
6846 -125
6847 -125
6848 -125
6849 -125
6850 -125
6851 -125
6852 -125
6853 -125
6854 -125
6855 -125
6856 -125
6857 -125
6858 -125
6859 -125
6860 -125
6861 -125
6862 -125
6863 -125
6864 -125
6865 -125
6866 -125
6867 -125
6868 -125
6869 -125
6870 -125
6871 -125
6872 -125
6873 -125
6874 -125
6875 -125
6876 -125
6877 -125
6878 -125
6879 -125
6880 -125
6881 -125
6882 -125
6883 -125
6884 -125
6885 -125
6886 -125
6887 -125
6888 -125
6889 -125
6890 -125
6891 -125
6892 -125
6893 -125
6894 -125
6895 -125
6896 -125
6897 -125
6898 -125
6899 -125
6900 -125
6901 -125
6902 -125
6903 -125
6904 -125
6905 -125
6906 -125
6907 -125
6908 -125
6909 -125
6910 -125
6911 -125
6912 -125
6913 -125
6914 -125
6915 -125
6916 -125
6917 -125
6918 -125
6919 -125
6920 -125
6921 -125
6922 -125
6923 -125
6924 -125
6925 -125
6926 -125
6927 -125
6928 -125
6929 -125
6930 -125
6931 -125
6932 -125
6933 -125
6934 -125
6935 -125
6936 -125
6937 -125
6938 -125
6939 -125
6940 -125
6941 -125
6942 -125
6943 -125
6944 -125
6945 -125
6946 -125
6947 -125
6948 -125
6949 -125
6950 -125
6951 -125
6952 -125
6953 -125
6954 -125
6955 -125
6956 -125
6957 -125
6958 -125
6959 -125
6960 -125
6961 -125
6962 -125
6963 -125
6964 -125
6965 -125
6966 -125
6967 -125
6968 -125
6969 -125
6970 -125
6971 -125
6972 -125
6973 -125
6974 -125
6975 -125
6976 -125
6977 -125
6978 -125
6979 -125
6980 -125
6981 -125
6982 -125
6983 -125
6984 -125
6985 -125
6986 -125
6987 -125
6988 -125
6989 -125
6990 -125
6991 -125
6992 -125
6993 -125
6994 -125
6995 -125
6996 -125
6997 -125
6998 -125
6999 -125
7000 -125
7001 -125
7002 -125
7003 -125
7004 -125
7005 -125
7006 -125
7007 -125
7008 -125
7009 -125
7010 -125
7011 -125
7012 -125
7013 -125
7014 -125
7015 -125
7016 -125
7017 -125
7018 -125
7019 -125
7020 -125
7021 -125
7022 -125
7023 -125
7024 -125
7025 -125
7026 -125
7027 -125
7028 -125
7029 -125
7030 -125
7031 -125
7032 -125
7033 -125
7034 -125
7035 -125
7036 -125
7037 -125
7038 -125
7039 -125
7040 -125
7041 -125
7042 -125
7043 -125
7044 -125
7045 -125
7046 -125
7047 -125
7048 -125
7049 -125
7050 -125
7051 -125
7052 -125
7053 -125
7054 -125
7055 -125
7056 -125
7057 -125
7058 -125
7059 -125
7060 -125
7061 -125
7062 -125
7063 -125
7064 -125
7065 -125
7066 -125
7067 -125
7068 -125
7069 -125
7070 -125
7071 -125
7072 -125
7073 -125
7074 -125
7075 -125
7076 -125
7077 -125
7078 -125
7079 -125
7080 -125
7081 -125
7082 -125
7083 -125
7084 -125
7085 -125
7086 -125
7087 -125
7088 -125
7089 -125
7090 -125
7091 -125
7092 -125
7093 -125
7094 -125
7095 -125
7096 -125
7097 -125
7098 -125
7099 -125
7100 -125
7101 -125
7102 -125
7103 -125
7104 -125
7105 -125
7106 -125
7107 -125
7108 -125
7109 -125
7110 -125
7111 -125
7112 -125
7113 -125
7114 -125
7115 -125
7116 -125
7117 -125
7118 -125
7119 -125
7120 -125
7121 -125
7122 -125
7123 -125
7124 -125
7125 -125
7126 -125
7127 -125
7128 -125
7129 -125
7130 -125
7131 -125
7132 -125
7133 -125
7134 -125
7135 -125
7136 -125
7137 -125
7138 -125
7139 -125
7140 -125
7141 -125
7142 -125
7143 -125
7144 -125
7145 -125
7146 -125
7147 -125
7148 -125
7149 -125
7150 -125
7151 -125
7152 -125
7153 -125
7154 -125
7155 -125
7156 -125
7157 -125
7158 -125
7159 -125
7160 -125
7161 -125
7162 -125
7163 -125
7164 -125
7165 -125
7166 -125
7167 -125
7168 -125
7169 -125
7170 -125
7171 -125
7172 -125
7173 -125
7174 -125
7175 -125
7176 -125
7177 -125
7178 -125
7179 -125
7180 -125
7181 -125
7182 -125
7183 -125
7184 -125
7185 -125
7186 -125
7187 -125
7188 -125
7189 -125
7190 -125
7191 -125
7192 -125
7193 -125
7194 -125
7195 -125
7196 -125
7197 -125
7198 -125
7199 -125
7200 -125
7201 -125
7202 -125
7203 -125
7204 -125
7205 -125
7206 -125
7207 -125
7208 -125
7209 -125
7210 -125
7211 -125
7212 -125
7213 -125
7214 -125
7215 -125
7216 -125
7217 -125
7218 -125
7219 -125
7220 -125
7221 -125
7222 -125
7223 -125
7224 -125
7225 -125
7226 -125
7227 -125
7228 -125
7229 -125
7230 -125
7231 -125
7232 -125
7233 -125
7234 -125
7235 -125
7236 -125
7237 -125
7238 -125
7239 -125
7240 -125
7241 -125
7242 -125
7243 -125
7244 -125
7245 -125
7246 -125
7247 -125
7248 -125
7249 -125
7250 -125
7251 -125
7252 -125
7253 -125
7254 -125
7255 -125
7256 -125
7257 -125
7258 -125
7259 -125
7260 -125
7261 -125
7262 -125
7263 -125
7264 -125
7265 -125
7266 -125
7267 -125
7268 -125
7269 -125
7270 -125
7271 -125
7272 -125
7273 -125
7274 -125
7275 -125
7276 -125
7277 -125
7278 -125
7279 -125
7280 -125
7281 -125
7282 -125
7283 -125
7284 -125
7285 -125
7286 -125
7287 -125
7288 -125
7289 -125
7290 -125
7291 -125
7292 -125
7293 -125
7294 -125
7295 -125
7296 -125
7297 -125
7298 -125
7299 -125
7300 -125
7301 -125
7302 -125
7303 -125
7304 -125
7305 -125
7306 -125
7307 -125
7308 -125
7309 -125
7310 -125
7311 -125
7312 -125
7313 -125
7314 -125
7315 -125
7316 -125
7317 -125
7318 -125
7319 -125
7320 -125
7321 -125
7322 -125
7323 -125
7324 -125
7325 -125
7326 -125
7327 -125
7328 -125
7329 -125
7330 -125
7331 -125
7332 -125
7333 -125
7334 -125
7335 -125
7336 -125
7337 -125
7338 -125
7339 -125
7340 -125
7341 -125
7342 -125
7343 -125
7344 -125
7345 -125
7346 -125
7347 -125
7348 -125
7349 -125
7350 -125
7351 -125
7352 -125
7353 -125
7354 -125
7355 -125
7356 -125
7357 -125
7358 -125
7359 -125
7360 -125
7361 -125
7362 -125
7363 -125
7364 -125
7365 -125
7366 -125
7367 -125
7368 -125
7369 -125
7370 -125
7371 -125
7372 -125
7373 -125
7374 -125
7375 -125
7376 -125
7377 -125
7378 -125
7379 -125
7380 -125
7381 -125
7382 -125
7383 -125
7384 -125
7385 -125
7386 -125
7387 -125
7388 -125
7389 -125
7390 -125
7391 -125
7392 -125
7393 -125
7394 -125
7395 -125
7396 -125
7397 -125
7398 -125
7399 -125
7400 -125
7401 -125
7402 -125
7403 -125
7404 -125
7405 -125
7406 -125
7407 -125
7408 -125
7409 -125
7410 -125
7411 -125
7412 -125
7413 -125
7414 -125
7415 -125
7416 -125
7417 -125
7418 -125
7419 -125
7420 -125
7421 -125
7422 -125
7423 -125
7424 -125
7425 -125
7426 -125
7427 -125
7428 -125
7429 -125
7430 -125
7431 -125
7432 -125
7433 -125
7434 -125
7435 -125
7436 -125
7437 -125
7438 -125
7439 -125
7440 -125
7441 -125
7442 -125
7443 -125
7444 -125
7445 -125
7446 -125
7447 -125
7448 -125
7449 -125
7450 -125
7451 -125
7452 -125
7453 -125
7454 -125
7455 -125
7456 -125
7457 -125
7458 -125
7459 -125
7460 -125
7461 -125
7462 -125
7463 -125
7464 -125
7465 -125
7466 -125
7467 -125
7468 -125
7469 -125
7470 -125
7471 -125
7472 -125
7473 -125
7474 -125
7475 -125
7476 -125
7477 -125
7478 -125
7479 -125
7480 -125
7481 -125
7482 -125
7483 -125
7484 -125
7485 -125
7486 -125
7487 -125
7488 -125
7489 -125
7490 -125
7491 -125
7492 -125
7493 -125
7494 -125
7495 -125
7496 -125
7497 -125
7498 -125
7499 -125
7500 -125
7501 -125
7502 -125
7503 -125
7504 -125
7505 -125
7506 -125
7507 -125
7508 -125
7509 -125
7510 -125
7511 -125
7512 -125
7513 -125
7514 -125
7515 -125
7516 -125
7517 -125
7518 -125
7519 -125
7520 -125
7521 -125
7522 -125
7523 -125
7524 -125
7525 -125
7526 -125
7527 -125
7528 -125
7529 -125
7530 -125
7531 -125
7532 -125
7533 -125
7534 -125
7535 -125
7536 -125
7537 -125
7538 -125
7539 -125
7540 -125
7541 -125
7542 -125
7543 -125
7544 -125
7545 -125
7546 -125
7547 -125
7548 -125
7549 -125
7550 -125
7551 -125
7552 -125
7553 -125
7554 -125
7555 -125
7556 -125
7557 -125
7558 -125
7559 -125
7560 -125
7561 -125
7562 -125
7563 -125
7564 -125
7565 -125
7566 -125
7567 -125
7568 -125
7569 -125
7570 -125
7571 -125
7572 -125
7573 -125
7574 -125
7575 -125
7576 -125
7577 -125
7578 -125
7579 -125
7580 -125
7581 -125
7582 -125
7583 -125
7584 -125
7585 -125
7586 -125
7587 -125
7588 -125
7589 -125
7590 -125
7591 -125
7592 -125
7593 -125
7594 -125
7595 -125
7596 -125
7597 -125
7598 -125
7599 -125
7600 -125
7601 -125
7602 -125
7603 -125
7604 -125
7605 -125
7606 -125
7607 -125
7608 -125
7609 -125
7610 -125
7611 -125
7612 -125
7613 -125
7614 -125
7615 -125
7616 -125
7617 -125
7618 -125
7619 -125
7620 -125
7621 -125
7622 -125
7623 -125
7624 -125
7625 -125
7626 -125
7627 -125
7628 -125
7629 -125
7630 -125
7631 -125
7632 -125
7633 -125
7634 -125
7635 -125
7636 -125
7637 -125
7638 -125
7639 -125
7640 -125
7641 -125
7642 -125
7643 -125
7644 -125
7645 -125
7646 -125
7647 -125
7648 -125
7649 -125
7650 -125
7651 -125
7652 -125
7653 -125
7654 -125
7655 -125
7656 -125
7657 -125
7658 -125
7659 -125
7660 -125
7661 -125
7662 -125
7663 -125
7664 -125
7665 -125
7666 -125
7667 -125
7668 -125
7669 -125
7670 -125
7671 -125
7672 -125
7673 -125
7674 -125
7675 -125
7676 -125
7677 -125
7678 -125
7679 -125
7680 -125
7681 -125
7682 -125
7683 -125
7684 -125
7685 -125
7686 -125
7687 -125
7688 -125
7689 -125
7690 -125
7691 -125
7692 -125
7693 -125
7694 -125
7695 -125
7696 -125
7697 -125
7698 -125
7699 -125
7700 -125
7701 -125
7702 -125
7703 -125
7704 -125
7705 -125
7706 -125
7707 -125
7708 -125
7709 -125
7710 -125
7711 -125
7712 -125
7713 -125
7714 -125
7715 -125
7716 -125
7717 -125
7718 -125
7719 -125
7720 -125
7721 -125
7722 -125
7723 -125
7724 -125
7725 -125
7726 -125
7727 -125
7728 -125
7729 -125
7730 -125
7731 -125
7732 -125
7733 -125
7734 -125
7735 -125
7736 -125
7737 -125
7738 -125
7739 -125
7740 -125
7741 -125
7742 -125
7743 -125
7744 -125
7745 -125
7746 -125
7747 -125
7748 -125
7749 -125
7750 -125
7751 -125
7752 -125
7753 -125
7754 -125
7755 -125
7756 -125
7757 -125
7758 -125
7759 -125
7760 -125
7761 -125
7762 -125
7763 -125
7764 -125
7765 -125
7766 -125
7767 -125
7768 -125
7769 -125
7770 -125
7771 -125
7772 -125
7773 -125
7774 -125
7775 -125
7776 -125
7777 -125
7778 -125
7779 -125
7780 -125
7781 -125
7782 -125
7783 -125
7784 -125
7785 -125
7786 -125
7787 -125
7788 -125
7789 -125
7790 -125
7791 -125
7792 -125
7793 -125
7794 -125
7795 -125
7796 -125
7797 -125
7798 -125
7799 -125
7800 -125
7801 -125
7802 -125
7803 -125
7804 -125
7805 -125
7806 -125
7807 -125
7808 -125
7809 -125
7810 -125
7811 -125
7812 -125
7813 -125
7814 -125
7815 -125
7816 -125
7817 -125
7818 -125
7819 -125
7820 -125
7821 -125
7822 -125
7823 -125
7824 -125
7825 -125
7826 -125
7827 -125
7828 -125
7829 -125
7830 -125
7831 -125
7832 -125
7833 -125
7834 -125
7835 -125
7836 -125
7837 -125
7838 -125
7839 -125
7840 -125
7841 -125
7842 -125
7843 -125
7844 -125
7845 -125
7846 -125
7847 -125
7848 -125
7849 -125
7850 -125
7851 -125
7852 -125
7853 -125
7854 -125
7855 -125
7856 -125
7857 -125
7858 -125
7859 -125
7860 -125
7861 -125
7862 -125
7863 -125
7864 -125
7865 -125
7866 -125
7867 -125
7868 -125
7869 -125
7870 -125
7871 -125
7872 -125
7873 -125
7874 -125
7875 -125
7876 -125
7877 -125
7878 -125
7879 -125
7880 -125
7881 -125
7882 -125
7883 -125
7884 -125
7885 -125
7886 -125
7887 -125
7888 -125
7889 -125
7890 -125
7891 -125
7892 -125
7893 -125
7894 -125
7895 -125
7896 -125
7897 -125
7898 -125
7899 -125
7900 -125
7901 -125
7902 -125
7903 -125
7904 -125
7905 -125
7906 -125
7907 -125
7908 -125
7909 -125
7910 -125
7911 -125
7912 -125
7913 -125
7914 -125
7915 -125
7916 -125
7917 -125
7918 -125
7919 -125
7920 -125
7921 -125
7922 -125
7923 -125
7924 -125
7925 -125
7926 -125
7927 -125
7928 -125
7929 -125
7930 -125
7931 -125
7932 -125
7933 -125
7934 -125
7935 -125
7936 -125
7937 -125
7938 -125
7939 -125
7940 -125
7941 -125
7942 -125
7943 -125
7944 -125
7945 -125
7946 -125
7947 -125
7948 -125
7949 -125
7950 -125
7951 -125
7952 -125
7953 -125
7954 -125
7955 -125
7956 -125
7957 -125
7958 -125
7959 -125
7960 -125
7961 -125
7962 -125
7963 -125
7964 -125
7965 -125
7966 -125
7967 -125
7968 -125
7969 -125
7970 -125
7971 -125
7972 -125
7973 -125
7974 -125
7975 -125
7976 -125
7977 -125
7978 -125
7979 -125
7980 -125
7981 -125
7982 -125
7983 -125
7984 -125
7985 -125
7986 -125
7987 -125
7988 -125
7989 -125
7990 -125
7991 -125
7992 -125
7993 -125
7994 -125
7995 -125
7996 -125
7997 -125
7998 -125
7999 -125
8000 -125
8001 -125
8002 -125
8003 -125
8004 -125
8005 -125
8006 -125
8007 -125
8008 -125
8009 -125
8010 -125
8011 -125
8012 -125
8013 -125
8014 -125
8015 -125
8016 -125
8017 -125
8018 -125
8019 -125
8020 -125
8021 -125
8022 -125
8023 -125
8024 -125
8025 -125
8026 -125
8027 -125
8028 -125
8029 -125
8030 -125
8031 -125
8032 -125
8033 -125
8034 -125
8035 -125
8036 -125
8037 -125
8038 -125
8039 -125
8040 -125
8041 -125
8042 -125
8043 -125
8044 -125
8045 -125
8046 -125
8047 -125
8048 -125
8049 -125
8050 -125
8051 -125
8052 -125
8053 -125
8054 -125
8055 -125
8056 -125
8057 -125
8058 -125
8059 -125
8060 -125
8061 -125
8062 -125
8063 -125
8064 -125
8065 -125
8066 -125
8067 -125
8068 -125
8069 -125
8070 -125
8071 -125
8072 -125
8073 -125
8074 -125
8075 -125
8076 -125
8077 -125
8078 -125
8079 -125
8080 -125
8081 -125
8082 -125
8083 -125
8084 -125
8085 -125
8086 -125
8087 -125
8088 -125
8089 -125
8090 -125
8091 -125
8092 -125
8093 -125
8094 -125
8095 -125
8096 -125
8097 -125
8098 -125
8099 -125
8100 -125
8101 -125
8102 -125
8103 -125
8104 -125
8105 -125
8106 -125
8107 -125
8108 -125
8109 -125
8110 -125
8111 -125
8112 -125
8113 -125
8114 -125
8115 -125
8116 -125
8117 -125
8118 -125
8119 -125
8120 -125
8121 -125
8122 -125
8123 -125
8124 -125
8125 -125
8126 -125
8127 -125
8128 -125
8129 -125
8130 -125
8131 -125
8132 -125
8133 -125
8134 -125
8135 -125
8136 -125
8137 -125
8138 -125
8139 -125
8140 -125
8141 -125
8142 -125
8143 -125
8144 -125
8145 -125
8146 -125
8147 -125
8148 -125
8149 -125
8150 -125
8151 -125
8152 -125
8153 -125
8154 -125
8155 -125
8156 -125
8157 -125
8158 -125
8159 -125
8160 -125
8161 -125
8162 -125
8163 -125
8164 -125
8165 -125
8166 -125
8167 -125
8168 -125
8169 -125
8170 -125
8171 -125
8172 -125
8173 -125
8174 -125
8175 -125
8176 -125
8177 -125
8178 -125
8179 -125
8180 -125
8181 -125
8182 -125
8183 -125
8184 -125
8185 -125
8186 -125
8187 -125
8188 -125
8189 -125
8190 -125
8191 -125
8192 -125
8193 -125
8194 -125
8195 -125
8196 -125
8197 -125
8198 -125
8199 -125
8200 -125
8201 -125
8202 -126
8203 -126
8204 -126
8205 -126
8206 -126
8207 -126
8208 -126
8209 -126
8210 -126
8211 -126
8212 -126
8213 -126
8214 -126
8215 -126
8216 -126
8217 -126
8218 -126
8219 -126
8220 -126
8221 -126
8222 -126
8223 -126
8224 -126
8225 -126
8226 -126
8227 -126
8228 -126
8229 -126
8230 -126
8231 -126
8232 -126
8233 -126
8234 -126
8235 -126
8236 -126
8237 -126
8238 -126
8239 -126
8240 -126
8241 -126
8242 -126
8243 -126
8244 -126
8245 -126
8246 -126
8247 -126
8248 -126
8249 -126
8250 -126
8251 -126
8252 -126
8253 -126
8254 -126
8255 -126
8256 -126
8257 -126
8258 -126
8259 -126
8260 -126
8261 -126
8262 -126
8263 -126
8264 -126
8265 -126
8266 -126
8267 -126
8268 -126
8269 -126
8270 -126
8271 -126
8272 -126
8273 -126
8274 -126
8275 -126
8276 -126
8277 -126
8278 -126
8279 -126
8280 -126
8281 -126
8282 -126
8283 -126
8284 -126
8285 -126
8286 -126
8287 -126
8288 -126
8289 -126
8290 -126
8291 -126
8292 -126
8293 -126
8294 -126
8295 -126
8296 -126
8297 -126
8298 -126
8299 -126
8300 -126
8301 -126
8302 -126
8303 -126
8304 -126
8305 -126
8306 -126
8307 -126
8308 -126
8309 -126
8310 -126
8311 -126
8312 -126
8313 -126
8314 -126
8315 -126
8316 -126
8317 -126
8318 -126
8319 -126
8320 -126
8321 -126
8322 -126
8323 -126
8324 -126
8325 -126
8326 -126
8327 -126
8328 -126
8329 -126
8330 -126
8331 -126
8332 -126
8333 -126
8334 -126
8335 -126
8336 -126
8337 -126
8338 -126
8339 -126
8340 -126
8341 -126
8342 -126
8343 -126
8344 -126
8345 -126
8346 -126
8347 -126
8348 -126
8349 -126
8350 -126
8351 -126
8352 -126
8353 -126
8354 -126
8355 -126
8356 -126
8357 -126
8358 -126
8359 -126
8360 -126
8361 -126
8362 -126
8363 -126
8364 -126
8365 -126
8366 -126
8367 -126
8368 -126
8369 -126
8370 -126
8371 -126
8372 -126
8373 -126
8374 -126
8375 -126
8376 -126
8377 -126
8378 -126
8379 -126
8380 -126
8381 -126
8382 -126
8383 -126
8384 -126
8385 -126
8386 -126
8387 -126
8388 -126
8389 -126
8390 -126
8391 -126
8392 -126
8393 -126
8394 -126
8395 -126
8396 -126
8397 -126
8398 -126
8399 -126
8400 -126
8401 -126
8402 -126
8403 -126
8404 -126
8405 -126
8406 -126
8407 -126
8408 -126
8409 -126
8410 -126
8411 -126
8412 -126
8413 -126
8414 -126
8415 -126
8416 -126
8417 -126
8418 -126
8419 -126
8420 -126
8421 -126
8422 -126
8423 -126
8424 -126
8425 -126
8426 -126
8427 -126
8428 -126
8429 -126
8430 -126
8431 -126
8432 -126
8433 -126
8434 -126
8435 -126
8436 -126
8437 -126
8438 -126
8439 -126
8440 -126
8441 -126
8442 -126
8443 -126
8444 -126
8445 -126
8446 -126
8447 -126
8448 -126
8449 -126
8450 -126
8451 -126
8452 -126
8453 -126
8454 -126
8455 -126
8456 -126
8457 -126
8458 -126
8459 -126
8460 -126
8461 -126
8462 -126
8463 -126
8464 -126
8465 -126
8466 -126
8467 -126
8468 -126
8469 -126
8470 -126
8471 -126
8472 -126
8473 -126
8474 -126
8475 -126
8476 -126
8477 -126
8478 -126
8479 -126
8480 -126
8481 -126
8482 -126
8483 -126
8484 -126
8485 -126
8486 -126
8487 -126
8488 -126
8489 -126
8490 -126
8491 -126
8492 -126
8493 -126
8494 -126
8495 -126
8496 -126
8497 -126
8498 -126
8499 -126
8500 -126
8501 -126
8502 -126
8503 -126
8504 -126
8505 -126
8506 -126
8507 -126
8508 -126
8509 -126
8510 -126
8511 -126
8512 -126
8513 -126
8514 -126
8515 -126
8516 -126
8517 -126
8518 -126
8519 -126
8520 -126
8521 -126
8522 -126
8523 -126
8524 -126
8525 -126
8526 -126
8527 -126
8528 -126
8529 -126
8530 -126
8531 -126
8532 -126
8533 -126
8534 -126
8535 -126
8536 -126
8537 -126
8538 -126
8539 -126
8540 -126
8541 -126
8542 -126
8543 -126
8544 -126
8545 -126
8546 -126
8547 -126
8548 -126
8549 -126
8550 -126
8551 -126
8552 -126
8553 -126
8554 -126
8555 -126
8556 -126
8557 -126
8558 -126
8559 -126
8560 -126
8561 -126
8562 -126
8563 -126
8564 -126
8565 -126
8566 -126
8567 -126
8568 -126
8569 -126
8570 -126
8571 -126
8572 -126
8573 -126
8574 -126
8575 -126
8576 -126
8577 -126
8578 -126
8579 -126
8580 -126
8581 -126
8582 -126
8583 -126
8584 -126
8585 -126
8586 -126
8587 -126
8588 -126
8589 -126
8590 -126
8591 -126
8592 -126
8593 -126
8594 -126
8595 -126
8596 -126
8597 -126
8598 -126
8599 -126
8600 -126
8601 -126
8602 -126
8603 -126
8604 -126
8605 -126
8606 -126
8607 -126
8608 -126
8609 -126
8610 -126
8611 -126
8612 -126
8613 -126
8614 -126
8615 -126
8616 -126
8617 -126
8618 -126
8619 -126
8620 -126
8621 -126
8622 -126
8623 -126
8624 -126
8625 -126
8626 -126
8627 -126
8628 -126
8629 -126
8630 -126
8631 -126
8632 -126
8633 -126
8634 -126
8635 -126
8636 -126
8637 -126
8638 -126
8639 -126
8640 -126
8641 -126
8642 -126
8643 -126
8644 -126
8645 -126
8646 -126
8647 -127
8648 -127
8649 -127
8650 -127
8651 -127
8652 -127
8653 -127
8654 -127
8655 -127
8656 -127
8657 -127
8658 -127
8659 -127
8660 -127
8661 -127
8662 -127
8663 -127
8664 -127
8665 -127
8666 -127
8667 -127
8668 -127
8669 -127
8670 -127
8671 -127
8672 -127
8673 -127
8674 -127
8675 -127
8676 -127
8677 -127
8678 -127
8679 -127
8680 -127
8681 -127
8682 -127
8683 -127
8684 -127
8685 -127
8686 -127
8687 -127
8688 -127
8689 -127
8690 -127
8691 -127
8692 -127
8693 -127
8694 -127
8695 -127
8696 -127
8697 -127
8698 -127
8699 -127
8700 -127
8701 -127
8702 -127
8703 -127
8704 -127
8705 -127
8706 -127
8707 -127
8708 -127
8709 -127
8710 -127
8711 -127
8712 -127
8713 -127
8714 -127
8715 -127
8716 -128
8717 -128
8718 -128
8719 -128
8720 -128
8721 -128
8722 -128
8723 -128
8724 -128
8725 -128
8726 -128
8727 -128
8728 -128
8729 -128
8730 -128
8731 -128
8732 -128
8733 -128
8734 -128
8735 -128
8736 -128
8737 -128
8738 -128
8739 -128
8740 -128
8741 -128
8742 -128
8743 -128
8744 -128
8745 -128
8746 -128
8747 -128
8748 -128
8749 -128
8750 -128
8751 -128
8752 -128
8753 -128
8754 -128
8755 -128
8756 -128
8757 -128
8758 -128
8759 -128
8760 -128
8761 -128
8762 -128
8763 -128
8764 -128
8765 -128
8766 -128
8767 -128
8768 -128
8769 -128
8770 -128
8771 -128
8772 -128
8773 -128
8774 -128
8775 -128
8776 -128
8777 -128
8778 -128
8779 -128
8780 -128
8781 -128
8782 -128
8783 -129
8784 -130
8785 -131
8786 -132
8787 -133
8788 -134
8789 -135
8790 -136
8791 -136
8792 -136
8793 -136
8794 -136
8795 -137
8796 -138
8797 -139
8798 -140
8799 -140
8800 -140
8801 -140
8802 -140
8803 -140
8804 -140
8805 -140
8806 -140
8807 -140
8808 -140
8809 -140
8810 -140
8811 -140
8812 -140
8813 -140
8814 -140
8815 -140
8816 -140
8817 -140
8818 -140
8819 -140
8820 -140
8821 -140
8822 -140
8823 -140
8824 -140
8825 -140
8826 -140
8827 -140
8828 -140
8829 -140
8830 -140
8831 -140
8832 -140
8833 -140
8834 -140
8835 -140
8836 -140
8837 -140
8838 -140
8839 -141
8840 -142
8841 -142
8842 -142
8843 -143
8844 -143
8845 -143
8846 -144
8847 -144
8848 -144
8849 -145
8850 -146
8851 -147
8852 -148
8853 -149
8854 -149
8855 -149
8856 -149
8857 -149
8858 -149
8859 -149
8860 -149
8861 -149
8862 -150
8863 -151
8864 -152
8865 -152
8866 -152
8867 -152
8868 -152
8869 -152
8870 -152
8871 -152
8872 -152
8873 -152
8874 -152
8875 -152
8876 -152
8877 -152
8878 -152
8879 -152
8880 -152
8881 -152
8882 -152
8883 -152
8884 -152
8885 -152
8886 -152
8887 -152
8888 -152
8889 -152
8890 -152
8891 -152
8892 -152
8893 -152
8894 -152
8895 -152
8896 -152
8897 -152
8898 -152
8899 -152
8900 -152
8901 -152
8902 -152
8903 -152
8904 -152
8905 -152
8906 -152
8907 -152
8908 -152
8909 -152
8910 -152
8911 -152
8912 -152
8913 -152
8914 -152
8915 -152
8916 -152
8917 -152
8918 -152
8919 -152
8920 -152
8921 -152
8922 -152
8923 -152
8924 -152
8925 -152
8926 -152
8927 -152
8928 -152
8929 -152
8930 -152
8931 -152
8932 -152
8933 -152
8934 -152
8935 -152
8936 -152
8937 -152
8938 -152
8939 -152
8940 -152
8941 -152
8942 -152
8943 -152
8944 -152
8945 -152
8946 -152
8947 -152
8948 -152
8949 -152
8950 -152
8951 -152
8952 -152
8953 -153
8954 -154
8955 -154
8956 -154
8957 -155
8958 -155
8959 -155
8960 -156
8961 -157
8962 -157
8963 -157
8964 -158
8965 -158
8966 -158
8967 -158
8968 -158
8969 -158
8970 -158
8971 -158
8972 -158
8973 -158
8974 -158
8975 -158
8976 -158
8977 -158
8978 -158
8979 -158
8980 -158
8981 -158
8982 -158
8983 -158
8984 -158
8985 -158
8986 -158
8987 -158
8988 -158
8989 -158
8990 -158
8991 -158
8992 -158
8993 -158
8994 -158
8995 -158
8996 -158
8997 -158
8998 -158
8999 -158
9000 -158
9001 -159
9002 -159
9003 -159
9004 -160
9005 -160
9006 -160
9007 -161
9008 -161
9009 -161
9010 -161
9011 -161
9012 -161
9013 -161
9014 -161
9015 -161
9016 -161
9017 -161
9018 -161
9019 -161
9020 -161
9021 -161
9022 -161
9023 -161
9024 -161
9025 -161
9026 -161
9027 -161
9028 -161
9029 -161
9030 -161
9031 -161
9032 -161
9033 -161
9034 -161
9035 -161
9036 -161
9037 -161
9038 -161
9039 -161
9040 -161
9041 -161
9042 -161
9043 -161
9044 -161
9045 -161
9046 -161
9047 -161
9048 -161
9049 -161
9050 -161
9051 -161
9052 -161
9053 -161
9054 -161
9055 -161
9056 -161
9057 -161
9058 -161
9059 -161
9060 -161
9061 -161
9062 -161
9063 -161
9064 -161
9065 -161
9066 -161
9067 -161
9068 -161
9069 -161
9070 -161
9071 -161
9072 -161
9073 -161
9074 -161
9075 -161
9076 -161
9077 -161
9078 -161
9079 -161
9080 -161
9081 -161
9082 -161
9083 -161
9084 -161
9085 -161
9086 -161
9087 -161
9088 -161
9089 -161
9090 -161
9091 -161
9092 -161
9093 -161
9094 -161
9095 -161
9096 -161
9097 -161
9098 -161
9099 -161
9100 -161
9101 -161
9102 -161
9103 -161
9104 -161
9105 -161
9106 -161
9107 -161
9108 -161
9109 -161
9110 -161
9111 -161
9112 -161
9113 -161
9114 -161
9115 -161
9116 -161
9117 -161
9118 -161
9119 -161
9120 -161
9121 -161
9122 -161
9123 -161
9124 -161
9125 -161
9126 -161
9127 -161
9128 -161
9129 -161
9130 -161
9131 -161
9132 -161
9133 -161
9134 -161
9135 -161
9136 -161
9137 -161
9138 -161
9139 -161
9140 -161
9141 -161
9142 -161
9143 -161
9144 -161
9145 -161
9146 -161
9147 -161
9148 -161
9149 -161
9150 -161
9151 -161
9152 -161
9153 -161
9154 -161
9155 -161
9156 -161
9157 -161
9158 -161
9159 -161
9160 -161
9161 -161
9162 -161
9163 -161
9164 -161
9165 -161
9166 -161
9167 -161
9168 -161
9169 -161
9170 -161
9171 -161
9172 -161
9173 -161
9174 -161
9175 -161
9176 -161
9177 -161
9178 -161
9179 -161
9180 -161
9181 -161
9182 -161
9183 -161
9184 -161
9185 -161
9186 -161
9187 -161
9188 -161
9189 -161
9190 -161
9191 -161
9192 -161
9193 -161
9194 -161
9195 -161
9196 -161
9197 -161
9198 -161
9199 -161
9200 -161
9201 -161
9202 -161
9203 -161
9204 -161
9205 -161
9206 -161
9207 -161
9208 -161
9209 -161
9210 -161
9211 -161
9212 -161
9213 -161
9214 -161
9215 -161
9216 -161
9217 -161
9218 -161
9219 -161
9220 -161
9221 -161
9222 -161
9223 -161
9224 -161
9225 -161
9226 -161
9227 -161
9228 -161
9229 -161
9230 -161
9231 -161
9232 -161
9233 -161
9234 -161
9235 -161
9236 -161
9237 -161
9238 -161
9239 -161
9240 -161
9241 -161
9242 -161
9243 -161
9244 -161
9245 -161
9246 -161
9247 -161
9248 -161
9249 -161
9250 -161
9251 -161
9252 -161
9253 -161
9254 -161
9255 -161
9256 -161
9257 -161
9258 -161
9259 -161
9260 -161
9261 -161
9262 -161
9263 -161
9264 -161
9265 -161
9266 -161
9267 -161
9268 -161
9269 -161
9270 -161
9271 -161
9272 -161
9273 -161
9274 -161
9275 -161
9276 -161
9277 -161
9278 -161
9279 -161
9280 -161
9281 -161
9282 -161
9283 -161
9284 -161
9285 -161
9286 -161
9287 -161
9288 -161
9289 -161
9290 -161
9291 -161
9292 -161
9293 -161
9294 -161
9295 -161
9296 -161
9297 -161
9298 -161
9299 -161
9300 -161
9301 -161
9302 -161
9303 -161
9304 -161
9305 -161
9306 -161
9307 -161
9308 -161
9309 -161
9310 -161
9311 -161
9312 -161
9313 -161
9314 -161
9315 -161
9316 -161
9317 -161
9318 -161
9319 -161
9320 -161
9321 -161
9322 -161
9323 -161
9324 -161
9325 -161
9326 -161
9327 -161
9328 -161
9329 -161
9330 -161
9331 -161
9332 -161
9333 -161
9334 -161
9335 -161
9336 -161
9337 -161
9338 -161
9339 -161
9340 -161
9341 -161
9342 -161
9343 -161
9344 -161
9345 -161
9346 -161
9347 -161
9348 -161
9349 -161
9350 -161
9351 -161
9352 -161
9353 -161
9354 -161
9355 -161
9356 -161
9357 -161
9358 -161
9359 -161
9360 -161
9361 -161
9362 -161
9363 -161
9364 -161
9365 -161
9366 -161
9367 -161
9368 -161
9369 -161
9370 -161
9371 -161
9372 -161
9373 -161
9374 -161
9375 -161
9376 -161
9377 -161
9378 -161
9379 -161
9380 -161
9381 -161
9382 -161
9383 -161
9384 -161
9385 -161
9386 -161
9387 -161
9388 -161
9389 -161
9390 -161
9391 -161
9392 -161
9393 -161
9394 -161
9395 -161
9396 -161
9397 -161
9398 -161
9399 -161
9400 -161
9401 -161
9402 -161
9403 -161
9404 -161
9405 -161
9406 -161
9407 -161
9408 -161
9409 -161
9410 -161
9411 -161
9412 -161
9413 -161
9414 -161
9415 -161
9416 -161
9417 -161
9418 -161
9419 -161
9420 -161
9421 -161
9422 -161
9423 -161
9424 -161
9425 -161
9426 -161
9427 -161
9428 -161
9429 -161
9430 -161
9431 -161
9432 -161
9433 -161
9434 -161
9435 -161
9436 -161
9437 -161
9438 -161
9439 -161
9440 -161
9441 -161
9442 -161
9443 -161
9444 -161
9445 -161
9446 -161
9447 -161
9448 -161
9449 -161
9450 -161
9451 -161
9452 -161
9453 -161
9454 -161
9455 -161
9456 -161
9457 -161
9458 -161
9459 -161
9460 -161
9461 -161
9462 -161
9463 -161
9464 -161
9465 -161
9466 -161
9467 -161
9468 -161
9469 -161
9470 -161
9471 -161
9472 -161
9473 -161
9474 -161
9475 -161
9476 -161
9477 -161
9478 -161
9479 -161
9480 -161
9481 -161
9482 -161
9483 -161
9484 -161
9485 -161
9486 -161
9487 -161
9488 -161
9489 -161
9490 -161
9491 -161
9492 -161
9493 -161
9494 -162
9495 -162
9496 -162
9497 -163
9498 -164
9499 -164
9500 -164
9501 -164
9502 -164
9503 -164
9504 -164
9505 -164
9506 -164
9507 -164
9508 -164
9509 -164
9510 -164
9511 -164
9512 -164
9513 -164
9514 -164
9515 -164
9516 -164
9517 -164
9518 -164
9519 -164
9520 -164
9521 -164
9522 -164
9523 -164
9524 -164
9525 -164
9526 -164
9527 -164
9528 -164
9529 -164
9530 -164
9531 -164
9532 -164
9533 -164
9534 -164
9535 -164
9536 -164
9537 -164
9538 -164
9539 -164
9540 -164
9541 -164
9542 -164
9543 -164
9544 -164
9545 -164
9546 -164
9547 -164
9548 -164
9549 -164
9550 -164
9551 -164
9552 -164
9553 -164
9554 -164
9555 -164
9556 -164
9557 -164
9558 -164
9559 -164
9560 -164
9561 -164
9562 -164
9563 -164
9564 -164
9565 -164
9566 -164
9567 -164
9568 -164
9569 -164
9570 -164
9571 -164
9572 -164
9573 -164
9574 -164
9575 -164
9576 -164
9577 -164
9578 -164
9579 -164
9580 -164
9581 -164
9582 -164
9583 -164
9584 -164
9585 -164
9586 -164
9587 -164
9588 -164
9589 -164
9590 -164
9591 -164
9592 -164
9593 -164
9594 -164
9595 -164
9596 -164
9597 -164
9598 -164
9599 -164
9600 -164
9601 -164
9602 -164
9603 -164
9604 -164
9605 -164
9606 -164
9607 -164
9608 -164
9609 -164
9610 -164
9611 -164
9612 -164
9613 -164
9614 -164
9615 -164
9616 -164
9617 -164
9618 -164
9619 -164
9620 -164
9621 -164
9622 -164
9623 -164
9624 -164
9625 -164
9626 -164
9627 -164
9628 -164
9629 -164
9630 -164
9631 -164
9632 -164
9633 -164
9634 -164
9635 -164
9636 -164
9637 -164
9638 -164
9639 -164
9640 -164
9641 -164
9642 -164
9643 -164
9644 -164
9645 -164
9646 -164
9647 -164
9648 -164
9649 -164
9650 -164
9651 -164
9652 -164
9653 -164
9654 -164
9655 -164
9656 -164
9657 -164
9658 -164
9659 -164
9660 -164
9661 -164
9662 -164
9663 -164
9664 -164
9665 -164
9666 -164
9667 -164
9668 -164
9669 -164
9670 -164
9671 -164
9672 -164
9673 -164
9674 -164
9675 -164
9676 -164
9677 -164
9678 -164
9679 -164
9680 -164
9681 -164
9682 -164
9683 -164
9684 -164
9685 -164
9686 -164
9687 -164
9688 -164
9689 -164
9690 -164
9691 -164
9692 -164
9693 -164
9694 -164
9695 -164
9696 -164
9697 -164
9698 -164
9699 -164
9700 -164
9701 -164
9702 -164
9703 -164
9704 -164
9705 -164
9706 -164
9707 -164
9708 -164
9709 -164
9710 -164
9711 -164
9712 -164
9713 -164
9714 -164
9715 -164
9716 -164
9717 -164
9718 -164
9719 -164
9720 -164
9721 -164
9722 -164
9723 -164
9724 -164
9725 -164
9726 -164
9727 -164
9728 -164
9729 -164
9730 -164
9731 -164
9732 -164
9733 -164
9734 -164
9735 -164
9736 -164
9737 -164
9738 -164
9739 -164
9740 -164
9741 -164
9742 -164
9743 -164
9744 -164
9745 -164
9746 -164
9747 -164
9748 -164
9749 -164
9750 -164
9751 -164
9752 -164
9753 -164
9754 -164
9755 -164
9756 -164
9757 -164
9758 -164
9759 -164
9760 -164
9761 -164
9762 -164
9763 -164
9764 -164
9765 -164
9766 -164
9767 -164
9768 -164
9769 -164
9770 -164
9771 -164
9772 -164
9773 -164
9774 -164
9775 -164
9776 -164
9777 -164
9778 -164
9779 -164
9780 -164
9781 -164
9782 -164
9783 -164
9784 -164
9785 -164
9786 -164
9787 -164
9788 -164
9789 -164
9790 -164
9791 -164
9792 -164
9793 -164
9794 -164
9795 -164
9796 -164
9797 -164
9798 -164
9799 -164
9800 -164
9801 -164
9802 -164
9803 -164
9804 -164
9805 -164
9806 -164
9807 -164
9808 -164
9809 -164
9810 -164
9811 -164
9812 -164
9813 -164
9814 -164
9815 -164
9816 -164
9817 -164
9818 -164
9819 -164
9820 -164
9821 -164
9822 -164
9823 -164
9824 -164
9825 -164
9826 -164
9827 -164
9828 -164
9829 -164
9830 -164
9831 -164
9832 -164
9833 -164
9834 -164
9835 -164
9836 -164
9837 -164
9838 -164
9839 -164
9840 -164
9841 -164
9842 -164
9843 -164
9844 -164
9845 -164
9846 -164
9847 -164
9848 -164
9849 -164
9850 -164
9851 -164
9852 -164
9853 -164
9854 -164
9855 -164
9856 -164
9857 -164
9858 -164
9859 -164
9860 -164
9861 -164
9862 -164
9863 -164
9864 -164
9865 -164
9866 -164
9867 -164
9868 -164
9869 -164
9870 -164
9871 -164
9872 -164
9873 -164
9874 -164
9875 -164
9876 -164
9877 -164
9878 -164
9879 -164
9880 -164
9881 -164
9882 -164
9883 -164
9884 -164
9885 -164
9886 -164
9887 -164
9888 -164
9889 -164
9890 -164
9891 -164
9892 -164
9893 -164
9894 -164
9895 -164
9896 -164
9897 -164
9898 -164
9899 -164
9900 -164
9901 -164
9902 -164
9903 -164
9904 -164
9905 -164
9906 -164
9907 -164
9908 -164
9909 -164
9910 -164
9911 -164
9912 -164
9913 -164
9914 -164
9915 -164
9916 -164
9917 -164
9918 -164
9919 -164
9920 -164
9921 -164
9922 -164
9923 -164
9924 -164
9925 -164
9926 -164
9927 -164
9928 -164
9929 -164
9930 -164
9931 -164
9932 -164
9933 -164
9934 -164
9935 -164
9936 -164
9937 -164
9938 -164
9939 -164
9940 -164
9941 -164
9942 -164
9943 -164
9944 -164
9945 -164
9946 -164
9947 -164
9948 -164
9949 -164
9950 -164
9951 -164
9952 -164
9953 -164
9954 -164
9955 -164
9956 -164
9957 -164
9958 -164
9959 -164
9960 -164
9961 -164
9962 -164
9963 -164
9964 -164
9965 -164
9966 -164
9967 -164
9968 -164
9969 -164
9970 -164
9971 -164
9972 -164
9973 -164
9974 -164
9975 -164
9976 -164
9977 -164
9978 -164
9979 -164
9980 -164
9981 -164
9982 -164
9983 -164
9984 -164
9985 -164
9986 -164
9987 -164
9988 -164
9989 -164
9990 -164
9991 -164
9992 -164
9993 -164
9994 -164
9995 -164
9996 -164
9997 -164
9998 -164
9999 -164
10000 -164
